"depth","shrinkage","nTree","loss","auroc","auprc","occ.corr","det.corr","occ.MAE","det.MAE","bag.frac","nSites","nVisits"
NA,NA,1,1.08701000114836,0.527916527916528,0.0803970548935969,NA,NA,NA,NA,0.9508,344,3
NA,NA,10,1.01613108254638,0.626244126244126,0.103135731496962,NA,NA,NA,NA,0.9508,344,3
NA,NA,100,0.971529678021127,0.614885114885115,0.106897268323786,NA,NA,NA,NA,0.9508,344,3
NA,NA,1000,0.961753048994402,0.598225848225848,0.107237915549698,NA,NA,NA,NA,0.9508,344,3
NA,NA,101,0.971566574091761,0.614108114108114,0.10652298944402,NA,NA,NA,NA,0.9508,344,3
NA,NA,102,0.971887068187519,0.613941613941614,0.10659231592074,NA,NA,NA,NA,0.9508,344,3
NA,NA,103,0.971816684906528,0.613923113923114,0.106515153822554,NA,NA,NA,NA,0.9508,344,3
NA,NA,104,0.971595257274184,0.614885114885115,0.106914890964248,NA,NA,NA,NA,0.9508,344,3
NA,NA,105,0.971458149701872,0.614293114293114,0.106750230530751,NA,NA,NA,NA,0.9508,344,3
NA,NA,106,0.97123547439563,0.615292115292115,0.107494683463207,NA,NA,NA,NA,0.9508,344,3
NA,NA,107,0.971167734859199,0.614922114922115,0.107619288553196,NA,NA,NA,NA,0.9508,344,3
NA,NA,108,0.970922391822768,0.60964960964961,0.106760010044217,NA,NA,NA,NA,0.9508,344,3
NA,NA,109,0.970774557626383,0.60989010989011,0.106929832969508,NA,NA,NA,NA,0.9508,344,3
NA,NA,11,1.01348435974239,0.638010138010138,0.104802797999861,NA,NA,NA,NA,0.9508,344,3
NA,NA,110,0.970704806374481,0.609270359270359,0.106566686909917,NA,NA,NA,NA,0.9508,344,3
NA,NA,111,0.970723368205674,0.608955858955859,0.106453394286527,NA,NA,NA,NA,0.9508,344,3
NA,NA,112,0.970598768682659,0.609492359492359,0.106100308419625,NA,NA,NA,NA,0.9508,344,3
NA,NA,113,0.970466525011128,0.60973285973286,0.106233102312016,NA,NA,NA,NA,0.9508,344,3
NA,NA,114,0.97039742056872,0.60986235986236,0.106355377937868,NA,NA,NA,NA,0.9508,344,3
NA,NA,115,0.970235203856304,0.61025086025086,0.106441072909482,NA,NA,NA,NA,0.9508,344,3
NA,NA,116,0.970160475221295,0.611009361009361,0.106996815910888,NA,NA,NA,NA,0.9508,344,3
NA,NA,117,0.970106596621509,0.611120361120361,0.107222736951902,NA,NA,NA,NA,0.9508,344,3
NA,NA,118,0.970086769601681,0.611305361305361,0.10731800895064,NA,NA,NA,NA,0.9508,344,3
NA,NA,119,0.970191816566114,0.608900358900359,0.106470353277424,NA,NA,NA,NA,0.9508,344,3
NA,NA,12,1.01092412381165,0.62995337995338,0.104602071836777,NA,NA,NA,NA,0.9508,344,3
NA,NA,120,0.970077389259839,0.609214859214859,0.106248277884261,NA,NA,NA,NA,0.9508,344,3
NA,NA,121,0.970097460285005,0.609418359418359,0.106316262816666,NA,NA,NA,NA,0.9508,344,3
NA,NA,122,0.970067142730715,0.60969585969586,0.106486361881003,NA,NA,NA,NA,0.9508,344,3
NA,NA,123,0.970058091675991,0.60978835978836,0.106692915994905,NA,NA,NA,NA,0.9508,344,3
NA,NA,124,0.96977375138806,0.610861360861361,0.106968549678364,NA,NA,NA,NA,0.9508,344,3
NA,NA,125,0.969600336242194,0.611286861286861,0.107075646765947,NA,NA,NA,NA,0.9508,344,3
NA,NA,126,0.969679130048565,0.611619861619862,0.107267358740575,NA,NA,NA,NA,0.9508,344,3
NA,NA,127,0.969657803374953,0.609029859029859,0.106288919514572,NA,NA,NA,NA,0.9508,344,3
NA,NA,128,0.969635866026125,0.609270359270359,0.10645044555609,NA,NA,NA,NA,0.9508,344,3
NA,NA,129,0.969429705276377,0.60975135975136,0.106698528057602,NA,NA,NA,NA,0.9508,344,3
NA,NA,13,1.00866935618317,0.632885632885633,0.105171026361658,NA,NA,NA,NA,0.9508,344,3
NA,NA,130,0.969296671499097,0.613025863025863,0.107285054542899,NA,NA,NA,NA,0.9508,344,3
NA,NA,131,0.969310219195207,0.613173863173863,0.107354156850688,NA,NA,NA,NA,0.9508,344,3
NA,NA,132,0.969308004657835,0.612119362119362,0.107373127519794,NA,NA,NA,NA,0.9508,344,3
NA,NA,133,0.969172015949931,0.613155363155363,0.1077024946462,NA,NA,NA,NA,0.9508,344,3
NA,NA,134,0.96913746218955,0.614191364191364,0.108667438970454,NA,NA,NA,NA,0.9508,344,3
NA,NA,135,0.969090346815254,0.616207866207866,0.10924997226381,NA,NA,NA,NA,0.9508,344,3
NA,NA,136,0.96897109758583,0.616281866281866,0.109186069358935,NA,NA,NA,NA,0.9508,344,3
NA,NA,137,0.968904328937101,0.617040367040367,0.109424156111966,NA,NA,NA,NA,0.9508,344,3
NA,NA,138,0.968871306339592,0.616818366818367,0.10974067751247,NA,NA,NA,NA,0.9508,344,3
NA,NA,139,0.968831643968193,0.616947866947867,0.109523155685178,NA,NA,NA,NA,0.9508,344,3
NA,NA,14,1.0065325104501,0.631969881969882,0.108917936178595,NA,NA,NA,NA,0.9508,344,3
NA,NA,140,0.968938989945327,0.617058867058867,0.109444723554254,NA,NA,NA,NA,0.9508,344,3
NA,NA,141,0.968893620500747,0.617299367299367,0.109484980954703,NA,NA,NA,NA,0.9508,344,3
NA,NA,142,0.969058863964979,0.617428867428867,0.10944883197439,NA,NA,NA,NA,0.9508,344,3
NA,NA,143,0.968924499500514,0.613525363525363,0.108569634170915,NA,NA,NA,NA,0.9508,344,3
NA,NA,144,0.968786087285026,0.613599363599364,0.108611997400255,NA,NA,NA,NA,0.9508,344,3
NA,NA,145,0.968693815307017,0.613895363895364,0.108669620655236,NA,NA,NA,NA,0.9508,344,3
NA,NA,146,0.968642085148767,0.614154364154364,0.108792852795366,NA,NA,NA,NA,0.9508,344,3
NA,NA,147,0.968390180552744,0.616744366744367,0.109173867836412,NA,NA,NA,NA,0.9508,344,3
NA,NA,148,0.9684708752558,0.616244866244866,0.109162807936098,NA,NA,NA,NA,0.9508,344,3
NA,NA,149,0.968509160478675,0.614922114922115,0.108321702652474,NA,NA,NA,NA,0.9508,344,3
NA,NA,15,1.00433927055591,0.628954378954379,0.110075576648116,NA,NA,NA,NA,0.9508,344,3
NA,NA,150,0.968383926510393,0.615458615458615,0.109203196571904,NA,NA,NA,NA,0.9508,344,3
NA,NA,151,0.968413970088781,0.615995115995116,0.109201014381523,NA,NA,NA,NA,0.9508,344,3
NA,NA,152,0.968550877149974,0.616050616050616,0.109363487972178,NA,NA,NA,NA,0.9508,344,3
NA,NA,153,0.96850944847425,0.616420616420616,0.109543472121639,NA,NA,NA,NA,0.9508,344,3
NA,NA,154,0.968506258309115,0.618696118696119,0.109660978803344,NA,NA,NA,NA,0.9508,344,3
NA,NA,155,0.968324708015713,0.617937617937618,0.110143255594218,NA,NA,NA,NA,0.9508,344,3
NA,NA,156,0.968113401876658,0.616402116402116,0.110591852457713,NA,NA,NA,NA,0.9508,344,3
NA,NA,157,0.967972210964967,0.617623117623118,0.110704050282884,NA,NA,NA,NA,0.9508,344,3
NA,NA,158,0.967911208683846,0.618242868242868,0.110754448698013,NA,NA,NA,NA,0.9508,344,3
NA,NA,159,0.967850808018575,0.618945868945869,0.111087516512276,NA,NA,NA,NA,0.9508,344,3
NA,NA,16,1.00224203369734,0.629379879379879,0.110292290808564,NA,NA,NA,NA,0.9508,344,3
NA,NA,160,0.967763667409509,0.62011137011137,0.111241144342068,NA,NA,NA,NA,0.9508,344,3
NA,NA,161,0.967788402700235,0.62033337033337,0.111332229266277,NA,NA,NA,NA,0.9508,344,3
NA,NA,162,0.967796284415248,0.62035187035187,0.111248807147773,NA,NA,NA,NA,0.9508,344,3
NA,NA,163,0.967644201675889,0.62020387020387,0.111499182707511,NA,NA,NA,NA,0.9508,344,3
NA,NA,164,0.967614620177813,0.620758870758871,0.111842870942505,NA,NA,NA,NA,0.9508,344,3
NA,NA,165,0.967644409575011,0.621332371332371,0.111828356986233,NA,NA,NA,NA,0.9508,344,3
NA,NA,166,0.967602403885412,0.621128871128871,0.111776540172187,NA,NA,NA,NA,0.9508,344,3
NA,NA,167,0.967612575311837,0.621202871202871,0.11176040040657,NA,NA,NA,NA,0.9508,344,3
NA,NA,168,0.967608380459679,0.620869870869871,0.111587430069289,NA,NA,NA,NA,0.9508,344,3
NA,NA,169,0.967554244227174,0.621128871128871,0.111703653880268,NA,NA,NA,NA,0.9508,344,3
NA,NA,17,1.00028698156647,0.656537906537907,0.114630381528037,NA,NA,NA,NA,0.9508,344,3
NA,NA,170,0.967575505886043,0.621017871017871,0.111851230325283,NA,NA,NA,NA,0.9508,344,3
NA,NA,171,0.967556264458503,0.621110371110371,0.111829262361749,NA,NA,NA,NA,0.9508,344,3
NA,NA,172,0.967555210183456,0.621369371369371,0.112331186280622,NA,NA,NA,NA,0.9508,344,3
NA,NA,173,0.967554627598836,0.621387871387871,0.112362412086452,NA,NA,NA,NA,0.9508,344,3
NA,NA,174,0.96754319386747,0.621165871165871,0.112513612334008,NA,NA,NA,NA,0.9508,344,3
NA,NA,175,0.967431198553817,0.621887371887372,0.112904560498328,NA,NA,NA,NA,0.9508,344,3
NA,NA,176,0.967273003895642,0.622460872460872,0.113303753110216,NA,NA,NA,NA,0.9508,344,3
NA,NA,177,0.967141992882151,0.623200873200873,0.113428250622067,NA,NA,NA,NA,0.9508,344,3
NA,NA,178,0.967162191761375,0.624384874384874,0.113637358012759,NA,NA,NA,NA,0.9508,344,3
NA,NA,179,0.967129582365278,0.624939874939875,0.113646588798264,NA,NA,NA,NA,0.9508,344,3
NA,NA,18,0.998163808056675,0.647574647574648,0.113631179706715,NA,NA,NA,NA,0.9508,344,3
NA,NA,180,0.967100788458446,0.624699374699375,0.113799317070292,NA,NA,NA,NA,0.9508,344,3
NA,NA,181,0.967104093854146,0.624699374699375,0.113804797370306,NA,NA,NA,NA,0.9508,344,3
NA,NA,182,0.967104448928817,0.624773374773375,0.113633804087678,NA,NA,NA,NA,0.9508,344,3
NA,NA,183,0.967022926892995,0.625217375217375,0.113166099859404,NA,NA,NA,NA,0.9508,344,3
NA,NA,184,0.967134874470089,0.622405372405372,0.11232483484198,NA,NA,NA,NA,0.9508,344,3
NA,NA,185,0.96714307265232,0.625198875198875,0.11261991808258,NA,NA,NA,NA,0.9508,344,3
NA,NA,186,0.967141834193728,0.622053872053872,0.112464679579095,NA,NA,NA,NA,0.9508,344,3
NA,NA,187,0.967107009356437,0.622312872312872,0.112649000520394,NA,NA,NA,NA,0.9508,344,3
NA,NA,188,0.967098763181193,0.623404373404373,0.112799076424178,NA,NA,NA,NA,0.9508,344,3
NA,NA,189,0.967045641031448,0.626253376253376,0.113862125988574,NA,NA,NA,NA,0.9508,344,3
NA,NA,19,0.996638474195615,0.648943648943649,0.113885830358004,NA,NA,NA,NA,0.9508,344,3
NA,NA,190,0.967030770873081,0.625596625596626,0.113642925206924,NA,NA,NA,NA,0.9508,344,3
NA,NA,191,0.967022923175236,0.625818625818626,0.113592645927927,NA,NA,NA,NA,0.9508,344,3
NA,NA,192,0.9670363519387,0.625781625781626,0.113447880943947,NA,NA,NA,NA,0.9508,344,3
NA,NA,193,0.966972873092018,0.626225626225626,0.113675201024821,NA,NA,NA,NA,0.9508,344,3
NA,NA,194,0.96691394321672,0.625837125837126,0.113534602711372,NA,NA,NA,NA,0.9508,344,3
NA,NA,195,0.966919115826458,0.625874125874126,0.113751561351516,NA,NA,NA,NA,0.9508,344,3
NA,NA,196,0.967033791378576,0.625189625189625,0.113395540802903,NA,NA,NA,NA,0.9508,344,3
NA,NA,197,0.967059473270339,0.625041625041625,0.113337095966608,NA,NA,NA,NA,0.9508,344,3
NA,NA,198,0.967068222071641,0.625467125467125,0.113370027287059,NA,NA,NA,NA,0.9508,344,3
NA,NA,199,0.967039437671904,0.621915121915122,0.112651273643637,NA,NA,NA,NA,0.9508,344,3
NA,NA,2,1.06776151480624,0.573898323898324,0.0900151958032438,NA,NA,NA,NA,0.9508,344,3
NA,NA,20,0.995615977623853,0.653439153439153,0.117719503689351,NA,NA,NA,NA,0.9508,344,3
NA,NA,200,0.967078025131304,0.621933621933622,0.112621754515294,NA,NA,NA,NA,0.9508,344,3
NA,NA,201,0.967138744300388,0.621822621822622,0.112814992144366,NA,NA,NA,NA,0.9508,344,3
NA,NA,202,0.96708497701615,0.621970621970622,0.112999618322525,NA,NA,NA,NA,0.9508,344,3
NA,NA,203,0.967097800089943,0.621767121767122,0.113068176867283,NA,NA,NA,NA,0.9508,344,3
NA,NA,204,0.966942069417608,0.622174122174122,0.113936910277805,NA,NA,NA,NA,0.9508,344,3
NA,NA,205,0.966878341405209,0.622821622821623,0.114097837008356,NA,NA,NA,NA,0.9508,344,3
NA,NA,206,0.966899572478387,0.622451622451622,0.114026116785177,NA,NA,NA,NA,0.9508,344,3
NA,NA,207,0.966800697197415,0.61982461982462,0.113644198532098,NA,NA,NA,NA,0.9508,344,3
NA,NA,208,0.96675924549784,0.61982461982462,0.113649289585569,NA,NA,NA,NA,0.9508,344,3
NA,NA,209,0.966750738587571,0.618751618751619,0.113140682465601,NA,NA,NA,NA,0.9508,344,3
NA,NA,21,0.994424993360215,0.655585155585156,0.117887922152945,NA,NA,NA,NA,0.9508,344,3
NA,NA,210,0.966546720207904,0.619029119029119,0.113214190233945,NA,NA,NA,NA,0.9508,344,3
NA,NA,211,0.966599939506715,0.61969511969512,0.112873703892677,NA,NA,NA,NA,0.9508,344,3
NA,NA,212,0.966595691680305,0.61952861952862,0.112821740287667,NA,NA,NA,NA,0.9508,344,3
NA,NA,213,0.966594294301382,0.619325119325119,0.112599882800402,NA,NA,NA,NA,0.9508,344,3
NA,NA,214,0.966576884340587,0.619140119140119,0.112522303176909,NA,NA,NA,NA,0.9508,344,3
NA,NA,215,0.966566923680642,0.618918118918119,0.112636807393156,NA,NA,NA,NA,0.9508,344,3
NA,NA,216,0.966567499237409,0.611092611092611,0.111682144423124,NA,NA,NA,NA,0.9508,344,3
NA,NA,217,0.96667791316152,0.61026011026011,0.111100658552725,NA,NA,NA,NA,0.9508,344,3
NA,NA,218,0.966639096499069,0.61000111000111,0.111028235015764,NA,NA,NA,NA,0.9508,344,3
NA,NA,219,0.966640317114721,0.60977910977911,0.110379366347811,NA,NA,NA,NA,0.9508,344,3
NA,NA,22,0.992951197446441,0.657157657157657,0.11897605559252,NA,NA,NA,NA,0.9508,344,3
NA,NA,220,0.96647134139675,0.611906611906612,0.111192238333862,NA,NA,NA,NA,0.9508,344,3
NA,NA,221,0.966417171164633,0.611943611943612,0.111235498039436,NA,NA,NA,NA,0.9508,344,3
NA,NA,222,0.966503795350961,0.611240611240611,0.111107336242716,NA,NA,NA,NA,0.9508,344,3
NA,NA,223,0.966424298243276,0.611555111555112,0.111249594267623,NA,NA,NA,NA,0.9508,344,3
NA,NA,224,0.966339061026484,0.611407111407111,0.111231667429136,NA,NA,NA,NA,0.9508,344,3
NA,NA,225,0.96629523940632,0.612054612054612,0.111631800656428,NA,NA,NA,NA,0.9508,344,3
NA,NA,226,0.966368467163514,0.611629111629112,0.111162699935587,NA,NA,NA,NA,0.9508,344,3
NA,NA,227,0.966308468201245,0.611592111592112,0.111147710398443,NA,NA,NA,NA,0.9508,344,3
NA,NA,228,0.966346009593174,0.611573611573612,0.111075614267331,NA,NA,NA,NA,0.9508,344,3
NA,NA,229,0.966433741942794,0.612073112073112,0.111572098041467,NA,NA,NA,NA,0.9508,344,3
NA,NA,23,0.991613169883371,0.657731157731158,0.119570358482165,NA,NA,NA,NA,0.9508,344,3
NA,NA,230,0.96637318651104,0.611129611129611,0.111121083375306,NA,NA,NA,NA,0.9508,344,3
NA,NA,231,0.966368451912432,0.611222111222111,0.110898805502778,NA,NA,NA,NA,0.9508,344,3
NA,NA,232,0.966425339827995,0.61020461020461,0.110185158460744,NA,NA,NA,NA,0.9508,344,3
NA,NA,233,0.966380569384262,0.60998260998261,0.110273268787116,NA,NA,NA,NA,0.9508,344,3
NA,NA,234,0.966302370130213,0.610593110593111,0.110698147961188,NA,NA,NA,NA,0.9508,344,3
NA,NA,235,0.966393123688644,0.609520109520109,0.111520683720597,NA,NA,NA,NA,0.9508,344,3
NA,NA,236,0.966461133511685,0.60961260961261,0.111493769485732,NA,NA,NA,NA,0.9508,344,3
NA,NA,237,0.966471137067381,0.60959410959411,0.111308549051789,NA,NA,NA,NA,0.9508,344,3
NA,NA,238,0.966357900510796,0.608280608280608,0.111072072555626,NA,NA,NA,NA,0.9508,344,3
NA,NA,239,0.966320289396205,0.607892107892108,0.111112328047723,NA,NA,NA,NA,0.9508,344,3
NA,NA,24,0.990739463068522,0.665353165353165,0.119706725842344,NA,NA,NA,NA,0.9508,344,3
NA,NA,240,0.966230979235588,0.608132608132608,0.111006546329062,NA,NA,NA,NA,0.9508,344,3
NA,NA,241,0.966188130489249,0.607966107966108,0.110329060678434,NA,NA,NA,NA,0.9508,344,3
NA,NA,242,0.966181545698851,0.607096607096607,0.110127523041719,NA,NA,NA,NA,0.9508,344,3
NA,NA,243,0.96618503782969,0.607096607096607,0.110079258307986,NA,NA,NA,NA,0.9508,344,3
NA,NA,244,0.966079829940439,0.608632108632109,0.110709055461168,NA,NA,NA,NA,0.9508,344,3
NA,NA,245,0.966021348480842,0.609205609205609,0.110813955220022,NA,NA,NA,NA,0.9508,344,3
NA,NA,246,0.965991930199634,0.609261109261109,0.110794072541333,NA,NA,NA,NA,0.9508,344,3
NA,NA,247,0.965993315549716,0.609372109372109,0.110935626550906,NA,NA,NA,NA,0.9508,344,3
NA,NA,248,0.966041371459975,0.608983608983609,0.110510424290135,NA,NA,NA,NA,0.9508,344,3
NA,NA,249,0.966109288352953,0.608983608983609,0.110486205955151,NA,NA,NA,NA,0.9508,344,3
NA,NA,25,0.990044980094373,0.655834905834906,0.117898361685335,NA,NA,NA,NA,0.9508,344,3
NA,NA,250,0.966003360347087,0.608391608391608,0.110332699588535,NA,NA,NA,NA,0.9508,344,3
NA,NA,251,0.965991796269937,0.608373108373108,0.110235420521019,NA,NA,NA,NA,0.9508,344,3
NA,NA,252,0.96598439125452,0.608243608243608,0.110251719421664,NA,NA,NA,NA,0.9508,344,3
NA,NA,253,0.965949835871935,0.609150109150109,0.11043455658851,NA,NA,NA,NA,0.9508,344,3
NA,NA,254,0.966005364952064,0.606079106079106,0.109744038425506,NA,NA,NA,NA,0.9508,344,3
NA,NA,255,0.966103572546299,0.606338106338106,0.109839114859744,NA,NA,NA,NA,0.9508,344,3
NA,NA,256,0.966103005488579,0.606393606393606,0.109911360094203,NA,NA,NA,NA,0.9508,344,3
NA,NA,257,0.966080047563359,0.606560106560107,0.109901793713674,NA,NA,NA,NA,0.9508,344,3
NA,NA,258,0.966058448574657,0.606375106375106,0.109866582398717,NA,NA,NA,NA,0.9508,344,3
NA,NA,259,0.966030982080731,0.606837606837607,0.110033383768717,NA,NA,NA,NA,0.9508,344,3
NA,NA,26,0.989173527616493,0.655788655788656,0.117890056420512,NA,NA,NA,NA,0.9508,344,3
NA,NA,260,0.966029735209331,0.606708106708107,0.110018512813689,NA,NA,NA,NA,0.9508,344,3
NA,NA,261,0.965919573779964,0.602545602545603,0.109524436410824,NA,NA,NA,NA,0.9508,344,3
NA,NA,262,0.965900627614135,0.602527102527103,0.109508112514631,NA,NA,NA,NA,0.9508,344,3
NA,NA,263,0.965758502172403,0.601398601398601,0.109471068998825,NA,NA,NA,NA,0.9508,344,3
NA,NA,264,0.965753910230339,0.607207607207607,0.110113027187287,NA,NA,NA,NA,0.9508,344,3
NA,NA,265,0.965654830602129,0.607115107115107,0.110126630452983,NA,NA,NA,NA,0.9508,344,3
NA,NA,266,0.965612255930358,0.607263107263107,0.110213594573384,NA,NA,NA,NA,0.9508,344,3
NA,NA,267,0.965586929586203,0.604136604136604,0.109706787830796,NA,NA,NA,NA,0.9508,344,3
NA,NA,268,0.965495257078115,0.604099604099604,0.109671386198838,NA,NA,NA,NA,0.9508,344,3
NA,NA,269,0.965514359624371,0.604099604099604,0.109715546580977,NA,NA,NA,NA,0.9508,344,3
NA,NA,27,0.988566506569329,0.661801161801162,0.117727315678094,NA,NA,NA,NA,0.9508,344,3
NA,NA,270,0.965577270536956,0.604229104229104,0.109838113806276,NA,NA,NA,NA,0.9508,344,3
NA,NA,271,0.965541390366477,0.605098605098605,0.109906024706599,NA,NA,NA,NA,0.9508,344,3
NA,NA,272,0.965558331859766,0.606930106930107,0.110209018961363,NA,NA,NA,NA,0.9508,344,3
NA,NA,273,0.965483245469183,0.607466607466607,0.110321593439376,NA,NA,NA,NA,0.9508,344,3
NA,NA,274,0.96544280960249,0.607984607984608,0.110565766406836,NA,NA,NA,NA,0.9508,344,3
NA,NA,275,0.965421662722068,0.607929107929108,0.110559090584882,NA,NA,NA,NA,0.9508,344,3
NA,NA,276,0.965427160440071,0.607873607873608,0.110394538523668,NA,NA,NA,NA,0.9508,344,3
NA,NA,277,0.965401995447668,0.607873607873608,0.110382647479336,NA,NA,NA,NA,0.9508,344,3
NA,NA,278,0.9653916159569,0.607929107929108,0.110389988315882,NA,NA,NA,NA,0.9508,344,3
NA,NA,279,0.965402857325996,0.609298109298109,0.110671335275556,NA,NA,NA,NA,0.9508,344,3
NA,NA,28,0.987434960282519,0.652412402412402,0.11919648349287,NA,NA,NA,NA,0.9508,344,3
NA,NA,280,0.965393955143151,0.608872608872609,0.110590243582508,NA,NA,NA,NA,0.9508,344,3
NA,NA,281,0.965378423607637,0.608965108965109,0.110342639554312,NA,NA,NA,NA,0.9508,344,3
NA,NA,282,0.965360172618517,0.609057609057609,0.110214447108818,NA,NA,NA,NA,0.9508,344,3
NA,NA,283,0.96530239907993,0.609353609353609,0.110321054992398,NA,NA,NA,NA,0.9508,344,3
NA,NA,284,0.965311745596786,0.609335109335109,0.110309451270836,NA,NA,NA,NA,0.9508,344,3
NA,NA,285,0.965307016121779,0.608521108521109,0.110070026136325,NA,NA,NA,NA,0.9508,344,3
NA,NA,286,0.965324382694534,0.608391608391608,0.110210490171599,NA,NA,NA,NA,0.9508,344,3
NA,NA,287,0.965295022803537,0.608669108669109,0.110252236697135,NA,NA,NA,NA,0.9508,344,3
NA,NA,288,0.965234080606826,0.608317608317608,0.110306754989163,NA,NA,NA,NA,0.9508,344,3
NA,NA,289,0.965331674859103,0.605579605579606,0.109192177986494,NA,NA,NA,NA,0.9508,344,3
NA,NA,29,0.986564670063972,0.652042402042402,0.119407553119945,NA,NA,NA,NA,0.9508,344,3
NA,NA,290,0.96527948938502,0.606412106412106,0.109457298137058,NA,NA,NA,NA,0.9508,344,3
NA,NA,291,0.965298879086722,0.606523106523106,0.109239968464764,NA,NA,NA,NA,0.9508,344,3
NA,NA,292,0.965249287076545,0.606874606874607,0.109402250309306,NA,NA,NA,NA,0.9508,344,3
NA,NA,293,0.965261462163218,0.607059607059607,0.10946740816284,NA,NA,NA,NA,0.9508,344,3
NA,NA,294,0.965308163642698,0.607189107189107,0.109534685305395,NA,NA,NA,NA,0.9508,344,3
NA,NA,295,0.965251011694424,0.604330854330854,0.109380139188188,NA,NA,NA,NA,0.9508,344,3
NA,NA,296,0.965297825449497,0.604774854774855,0.109411809694754,NA,NA,NA,NA,0.9508,344,3
NA,NA,297,0.965271251116478,0.604848854848855,0.109145774463318,NA,NA,NA,NA,0.9508,344,3
NA,NA,298,0.965324200295317,0.606014356014356,0.109531111137018,NA,NA,NA,NA,0.9508,344,3
NA,NA,299,0.965282129405297,0.605958855958856,0.109554393803109,NA,NA,NA,NA,0.9508,344,3
NA,NA,3,1.05684054155818,0.585257335257335,0.100084648219159,NA,NA,NA,NA,0.9508,344,3
NA,NA,30,0.985598206114271,0.651191401191401,0.119468750526102,NA,NA,NA,NA,0.9508,344,3
NA,NA,300,0.965259179433075,0.604922854922855,0.109092473554242,NA,NA,NA,NA,0.9508,344,3
NA,NA,301,0.965173682948534,0.604608354608355,0.109150130083886,NA,NA,NA,NA,0.9508,344,3
NA,NA,302,0.965158600131316,0.605311355311355,0.109205329015056,NA,NA,NA,NA,0.9508,344,3
NA,NA,303,0.965140279070486,0.605459355459355,0.109348451805861,NA,NA,NA,NA,0.9508,344,3
NA,NA,304,0.965065928240378,0.605644355644356,0.109180573022928,NA,NA,NA,NA,0.9508,344,3
NA,NA,305,0.965036581968083,0.605681355681356,0.109143194563574,NA,NA,NA,NA,0.9508,344,3
NA,NA,306,0.964988004667686,0.605847855847856,0.109380227092952,NA,NA,NA,NA,0.9508,344,3
NA,NA,307,0.96496270022421,0.605607355607356,0.109108673867234,NA,NA,NA,NA,0.9508,344,3
NA,NA,308,0.964953295843049,0.605681355681356,0.109338624583866,NA,NA,NA,NA,0.9508,344,3
NA,NA,309,0.965009269553641,0.606476856476856,0.109737928111646,NA,NA,NA,NA,0.9508,344,3
NA,NA,31,0.985280347041411,0.67023717023717,0.120742228298351,NA,NA,NA,NA,0.9508,344,3
NA,NA,310,0.965001552216185,0.606643356643357,0.109569778057617,NA,NA,NA,NA,0.9508,344,3
NA,NA,311,0.965019811857283,0.607013357013357,0.109638495401921,NA,NA,NA,NA,0.9508,344,3
NA,NA,312,0.96510364661783,0.606920856920857,0.109306147992462,NA,NA,NA,NA,0.9508,344,3
NA,NA,313,0.965122744852819,0.607031857031857,0.109343102638578,NA,NA,NA,NA,0.9508,344,3
NA,NA,314,0.965050940250973,0.606661856661857,0.109479289179745,NA,NA,NA,NA,0.9508,344,3
NA,NA,315,0.965026284376613,0.606717356717357,0.109470605261645,NA,NA,NA,NA,0.9508,344,3
NA,NA,316,0.964991152486805,0.607179857179857,0.10951256825815,NA,NA,NA,NA,0.9508,344,3
NA,NA,317,0.964985132330109,0.607346357346357,0.109723268782301,NA,NA,NA,NA,0.9508,344,3
NA,NA,318,0.964872206533751,0.60960335960336,0.110206542020942,NA,NA,NA,NA,0.9508,344,3
NA,NA,319,0.964830968252287,0.608992858992859,0.109994446170041,NA,NA,NA,NA,0.9508,344,3
NA,NA,32,0.984519071156277,0.66999666999667,0.120114036086465,NA,NA,NA,NA,0.9508,344,3
NA,NA,320,0.964860850073471,0.60960335960336,0.110303549768514,NA,NA,NA,NA,0.9508,344,3
NA,NA,321,0.96488106821287,0.609325859325859,0.110203819667431,NA,NA,NA,NA,0.9508,344,3
NA,NA,322,0.96487104200481,0.609381359381359,0.110131245679638,NA,NA,NA,NA,0.9508,344,3
NA,NA,323,0.964903724178514,0.609288859288859,0.109881587655355,NA,NA,NA,NA,0.9508,344,3
NA,NA,324,0.964846740137384,0.609177859177859,0.109643852502933,NA,NA,NA,NA,0.9508,344,3
NA,NA,325,0.964778273400183,0.608863358863359,0.109562488955315,NA,NA,NA,NA,0.9508,344,3
NA,NA,326,0.964743412689737,0.60960335960336,0.110570893605932,NA,NA,NA,NA,0.9508,344,3
NA,NA,327,0.964732780882856,0.60971435971436,0.110810188455357,NA,NA,NA,NA,0.9508,344,3
NA,NA,328,0.964742778520592,0.60973285973286,0.110843681579164,NA,NA,NA,NA,0.9508,344,3
NA,NA,329,0.964749891036949,0.60960335960336,0.110760997759036,NA,NA,NA,NA,0.9508,344,3
NA,NA,33,0.984227715997641,0.665343915343915,0.119321529891699,NA,NA,NA,NA,0.9508,344,3
NA,NA,330,0.964732218539496,0.60968660968661,0.110688643703754,NA,NA,NA,NA,0.9508,344,3
NA,NA,331,0.964712549010731,0.60994560994561,0.110670965390568,NA,NA,NA,NA,0.9508,344,3
NA,NA,332,0.964747808606818,0.61009361009361,0.110643342413684,NA,NA,NA,NA,0.9508,344,3
NA,NA,333,0.964784570805356,0.609409109409109,0.110501280591495,NA,NA,NA,NA,0.9508,344,3
NA,NA,334,0.964745357730817,0.609261109261109,0.110191230250347,NA,NA,NA,NA,0.9508,344,3
NA,NA,335,0.964749870716685,0.609224109224109,0.110362976600776,NA,NA,NA,NA,0.9508,344,3
NA,NA,336,0.964764418179849,0.609446109446109,0.110388227448526,NA,NA,NA,NA,0.9508,344,3
NA,NA,337,0.964643109734986,0.609501609501609,0.110736934110401,NA,NA,NA,NA,0.9508,344,3
NA,NA,338,0.964603210552035,0.60963110963111,0.110764898542385,NA,NA,NA,NA,0.9508,344,3
NA,NA,339,0.964602112670123,0.609446109446109,0.11068329837876,NA,NA,NA,NA,0.9508,344,3
NA,NA,34,0.983646624039418,0.663697413697414,0.119052868085154,NA,NA,NA,NA,0.9508,344,3
NA,NA,340,0.964642699105977,0.609427609427609,0.110537922899194,NA,NA,NA,NA,0.9508,344,3
NA,NA,341,0.964652068660688,0.60955710955711,0.110770334432496,NA,NA,NA,NA,0.9508,344,3
NA,NA,342,0.964654524417411,0.60963110963111,0.110665701478656,NA,NA,NA,NA,0.9508,344,3
NA,NA,343,0.964645875080382,0.609464609464609,0.110799792419931,NA,NA,NA,NA,0.9508,344,3
NA,NA,344,0.964627320051768,0.609390609390609,0.110712413455167,NA,NA,NA,NA,0.9508,344,3
NA,NA,345,0.964561651107606,0.609446109446109,0.110714576541138,NA,NA,NA,NA,0.9508,344,3
NA,NA,346,0.96457755261667,0.608262108262108,0.111013122292167,NA,NA,NA,NA,0.9508,344,3
NA,NA,347,0.96454087541172,0.608225108225108,0.110941631469252,NA,NA,NA,NA,0.9508,344,3
NA,NA,348,0.964519564426154,0.608373108373108,0.110986717665818,NA,NA,NA,NA,0.9508,344,3
NA,NA,349,0.964403800348432,0.608502608502609,0.111184114048235,NA,NA,NA,NA,0.9508,344,3
NA,NA,35,0.983055316164011,0.664048914048914,0.119053512899809,NA,NA,NA,NA,0.9508,344,3
NA,NA,350,0.964334801944039,0.608854108854109,0.111640202610074,NA,NA,NA,NA,0.9508,344,3
NA,NA,351,0.964318068246915,0.608613608613609,0.111306370946109,NA,NA,NA,NA,0.9508,344,3
NA,NA,352,0.964295861093874,0.605265105265105,0.11091900965346,NA,NA,NA,NA,0.9508,344,3
NA,NA,353,0.964288420508002,0.605135605135605,0.110900252091229,NA,NA,NA,NA,0.9508,344,3
NA,NA,354,0.964286041555201,0.605191105191105,0.110916945621695,NA,NA,NA,NA,0.9508,344,3
NA,NA,355,0.964241768851694,0.604839604839605,0.11073724263424,NA,NA,NA,NA,0.9508,344,3
NA,NA,356,0.964235016782798,0.604876604876605,0.110692947979437,NA,NA,NA,NA,0.9508,344,3
NA,NA,357,0.964235898446964,0.604876604876605,0.110694110833036,NA,NA,NA,NA,0.9508,344,3
NA,NA,358,0.964216387168806,0.605154105154105,0.110889910315985,NA,NA,NA,NA,0.9508,344,3
NA,NA,359,0.964232788540239,0.605228105228105,0.110854625791873,NA,NA,NA,NA,0.9508,344,3
NA,NA,36,0.982794049538079,0.665454915454916,0.119365313530255,NA,NA,NA,NA,0.9508,344,3
NA,NA,360,0.964203144613209,0.605283605283605,0.110792143431552,NA,NA,NA,NA,0.9508,344,3
NA,NA,361,0.96417779406652,0.605191105191105,0.110789061845959,NA,NA,NA,NA,0.9508,344,3
NA,NA,362,0.96406768312708,0.605191105191105,0.110794225316038,NA,NA,NA,NA,0.9508,344,3
NA,NA,363,0.964006649328633,0.604747104747105,0.110702325121044,NA,NA,NA,NA,0.9508,344,3
NA,NA,364,0.964061972651902,0.604303104303104,0.110349299539177,NA,NA,NA,NA,0.9508,344,3
NA,NA,365,0.96403430506348,0.604321604321604,0.110391750335715,NA,NA,NA,NA,0.9508,344,3
NA,NA,366,0.964087802173859,0.602767602767603,0.109823655729356,NA,NA,NA,NA,0.9508,344,3
NA,NA,367,0.964088723786815,0.603211603211603,0.109744341030287,NA,NA,NA,NA,0.9508,344,3
NA,NA,368,0.964060235093573,0.603433603433603,0.109872037157358,NA,NA,NA,NA,0.9508,344,3
NA,NA,369,0.964034822445719,0.603452103452103,0.109869140695828,NA,NA,NA,NA,0.9508,344,3
NA,NA,37,0.982428759773729,0.664872164872165,0.118870131107526,NA,NA,NA,NA,0.9508,344,3
NA,NA,370,0.964061374336238,0.603655603655604,0.109917967998458,NA,NA,NA,NA,0.9508,344,3
NA,NA,371,0.964086421260004,0.603655603655604,0.109865821661213,NA,NA,NA,NA,0.9508,344,3
NA,NA,372,0.964103668594096,0.603674103674104,0.109815006928064,NA,NA,NA,NA,0.9508,344,3
NA,NA,373,0.964112387825268,0.603618603618604,0.109779184741156,NA,NA,NA,NA,0.9508,344,3
NA,NA,374,0.964109792350421,0.603433603433603,0.109715140952483,NA,NA,NA,NA,0.9508,344,3
NA,NA,375,0.964151564867174,0.602767602767603,0.109471784607457,NA,NA,NA,NA,0.9508,344,3
NA,NA,376,0.964156004250894,0.602841602841603,0.109495656122324,NA,NA,NA,NA,0.9508,344,3
NA,NA,377,0.964166521517367,0.602656602656603,0.109363152973244,NA,NA,NA,NA,0.9508,344,3
NA,NA,378,0.964168394910063,0.603137603137603,0.109567477709205,NA,NA,NA,NA,0.9508,344,3
NA,NA,379,0.964139019460598,0.603156103156103,0.109517819325354,NA,NA,NA,NA,0.9508,344,3
NA,NA,38,0.982599744292169,0.657638657638658,0.117690433214547,NA,NA,NA,NA,0.9508,344,3
NA,NA,380,0.964207070240396,0.602934102934103,0.109585320512268,NA,NA,NA,NA,0.9508,344,3
NA,NA,381,0.964199707216316,0.603082103082103,0.10967193221177,NA,NA,NA,NA,0.9508,344,3
NA,NA,382,0.964160196818263,0.602823102823103,0.109461199046759,NA,NA,NA,NA,0.9508,344,3
NA,NA,383,0.964114468960086,0.602749102749103,0.109447507349479,NA,NA,NA,NA,0.9508,344,3
NA,NA,384,0.964132195995896,0.602453102453102,0.109370247473065,NA,NA,NA,NA,0.9508,344,3
NA,NA,385,0.964082170477693,0.602490102490102,0.109358992264344,NA,NA,NA,NA,0.9508,344,3
NA,NA,386,0.9640830036003,0.602397602397602,0.109081043235336,NA,NA,NA,NA,0.9508,344,3
NA,NA,387,0.964048852647694,0.601990601990602,0.108888376890344,NA,NA,NA,NA,0.9508,344,3
NA,NA,388,0.964061389050137,0.602083102083102,0.108938257230555,NA,NA,NA,NA,0.9508,344,3
NA,NA,389,0.964044550816195,0.602138602138602,0.10897144277913,NA,NA,NA,NA,0.9508,344,3
NA,NA,39,0.981586703890521,0.657379657379657,0.117406124831611,NA,NA,NA,NA,0.9508,344,3
NA,NA,390,0.964030307741068,0.602175602175602,0.109029151250737,NA,NA,NA,NA,0.9508,344,3
NA,NA,391,0.96398741357457,0.602212602212602,0.109013323632375,NA,NA,NA,NA,0.9508,344,3
NA,NA,392,0.96396464940608,0.602212602212602,0.108906411282408,NA,NA,NA,NA,0.9508,344,3
NA,NA,393,0.964003091506357,0.602286602286602,0.108960857197244,NA,NA,NA,NA,0.9508,344,3
NA,NA,394,0.963997149301511,0.602434602434602,0.109116005283299,NA,NA,NA,NA,0.9508,344,3
NA,NA,395,0.963987489484145,0.602360602360602,0.109106612068162,NA,NA,NA,NA,0.9508,344,3
NA,NA,396,0.963972932537911,0.602249602249602,0.109037983019191,NA,NA,NA,NA,0.9508,344,3
NA,NA,397,0.96394528917515,0.601953601953602,0.109040509503057,NA,NA,NA,NA,0.9508,344,3
NA,NA,398,0.963958525867063,0.602027602027602,0.10904693365307,NA,NA,NA,NA,0.9508,344,3
NA,NA,399,0.963932839551524,0.602101602101602,0.109109702495805,NA,NA,NA,NA,0.9508,344,3
NA,NA,4,1.0459134340324,0.597670847670848,0.0978858204362033,NA,NA,NA,NA,0.9508,344,3
NA,NA,40,0.980854461056089,0.6501739001739,0.112970315115642,NA,NA,NA,NA,0.9508,344,3
NA,NA,400,0.963934750674004,0.602305102305102,0.109227957172798,NA,NA,NA,NA,0.9508,344,3
NA,NA,401,0.963925087925656,0.602305102305102,0.109220571417045,NA,NA,NA,NA,0.9508,344,3
NA,NA,402,0.96395917962143,0.602138602138602,0.109191018397774,NA,NA,NA,NA,0.9508,344,3
NA,NA,403,0.963965215807323,0.602231102231102,0.109359088660741,NA,NA,NA,NA,0.9508,344,3
NA,NA,404,0.963940971808128,0.602342102342102,0.109421579511755,NA,NA,NA,NA,0.9508,344,3
NA,NA,405,0.963954169178959,0.602397602397602,0.109396758807546,NA,NA,NA,NA,0.9508,344,3
NA,NA,406,0.963954375538638,0.602582602582603,0.109450309455094,NA,NA,NA,NA,0.9508,344,3
NA,NA,407,0.963939264396223,0.602804602804603,0.109721970925733,NA,NA,NA,NA,0.9508,344,3
NA,NA,408,0.963961235689786,0.602545602545603,0.109683368297182,NA,NA,NA,NA,0.9508,344,3
NA,NA,409,0.963933158308265,0.602823102823103,0.110030410130399,NA,NA,NA,NA,0.9508,344,3
NA,NA,41,0.980815960342355,0.652097902097902,0.113572658339016,NA,NA,NA,NA,0.9508,344,3
NA,NA,410,0.963899197484048,0.601509601509602,0.109815338714654,NA,NA,NA,NA,0.9508,344,3
NA,NA,411,0.963900244664054,0.601657601657602,0.10990170099454,NA,NA,NA,NA,0.9508,344,3
NA,NA,412,0.963900879932597,0.601824101824102,0.109956702084134,NA,NA,NA,NA,0.9508,344,3
NA,NA,413,0.963896818794575,0.601657601657602,0.109857807091289,NA,NA,NA,NA,0.9508,344,3
NA,NA,414,0.963843211825729,0.601583601583602,0.109729644034636,NA,NA,NA,NA,0.9508,344,3
NA,NA,415,0.963877710425869,0.601195101195101,0.109598563918497,NA,NA,NA,NA,0.9508,344,3
NA,NA,416,0.963824202725167,0.601232101232101,0.109686951315288,NA,NA,NA,NA,0.9508,344,3
NA,NA,417,0.963806547047158,0.601269101269101,0.109700600039529,NA,NA,NA,NA,0.9508,344,3
NA,NA,418,0.963782847921146,0.601361601361601,0.10977735845809,NA,NA,NA,NA,0.9508,344,3
NA,NA,419,0.963766478857633,0.601213601213601,0.109776074726245,NA,NA,NA,NA,0.9508,344,3
NA,NA,42,0.980234339883818,0.638185888185888,0.111190788295764,NA,NA,NA,NA,0.9508,344,3
NA,NA,420,0.963782633319862,0.601250601250601,0.10979482585622,NA,NA,NA,NA,0.9508,344,3
NA,NA,421,0.963757421303383,0.601454101454101,0.109718943133458,NA,NA,NA,NA,0.9508,344,3
NA,NA,422,0.963766052307527,0.601528101528102,0.109758431354705,NA,NA,NA,NA,0.9508,344,3
NA,NA,423,0.963758290149083,0.601546601546602,0.109723839975456,NA,NA,NA,NA,0.9508,344,3
NA,NA,424,0.96377436913489,0.601176601176601,0.109364897637075,NA,NA,NA,NA,0.9508,344,3
NA,NA,425,0.963770141872513,0.601509601509602,0.109452832393851,NA,NA,NA,NA,0.9508,344,3
NA,NA,426,0.963725235131159,0.601528101528102,0.10927280024816,NA,NA,NA,NA,0.9508,344,3
NA,NA,427,0.963735544538281,0.601509601509602,0.109279608299785,NA,NA,NA,NA,0.9508,344,3
NA,NA,428,0.96370495333105,0.601435601435601,0.109195221778454,NA,NA,NA,NA,0.9508,344,3
NA,NA,429,0.963653112852518,0.601380101380101,0.109229461258495,NA,NA,NA,NA,0.9508,344,3
NA,NA,43,0.980113837181335,0.638259888259888,0.110788011178271,NA,NA,NA,NA,0.9508,344,3
NA,NA,430,0.963664353164238,0.601435601435601,0.109253473591411,NA,NA,NA,NA,0.9508,344,3
NA,NA,431,0.963665219540521,0.601361601361601,0.109192281544331,NA,NA,NA,NA,0.9508,344,3
NA,NA,432,0.963643138253395,0.601361601361601,0.109194104737109,NA,NA,NA,NA,0.9508,344,3
NA,NA,433,0.963662968407324,0.601380101380101,0.109292033268074,NA,NA,NA,NA,0.9508,344,3
NA,NA,434,0.963704842279815,0.601213601213601,0.109193810737452,NA,NA,NA,NA,0.9508,344,3
NA,NA,435,0.963684097108082,0.601343101343101,0.109214754240034,NA,NA,NA,NA,0.9508,344,3
NA,NA,436,0.963618333724725,0.601380101380101,0.109052298028512,NA,NA,NA,NA,0.9508,344,3
NA,NA,437,0.963607535730767,0.601546601546602,0.109092221709914,NA,NA,NA,NA,0.9508,344,3
NA,NA,438,0.963591280076557,0.601694601694602,0.109224008559705,NA,NA,NA,NA,0.9508,344,3
NA,NA,439,0.963570585612064,0.601694601694602,0.109221250810152,NA,NA,NA,NA,0.9508,344,3
NA,NA,44,0.979684173416274,0.631340881340881,0.109950652169135,NA,NA,NA,NA,0.9508,344,3
NA,NA,440,0.963555847466063,0.601768601768602,0.109238132194842,NA,NA,NA,NA,0.9508,344,3
NA,NA,441,0.963670217997704,0.600843600843601,0.109146851767353,NA,NA,NA,NA,0.9508,344,3
NA,NA,442,0.963624391356048,0.600825100825101,0.109152767043294,NA,NA,NA,NA,0.9508,344,3
NA,NA,443,0.963624064766918,0.600880600880601,0.109257790961482,NA,NA,NA,NA,0.9508,344,3
NA,NA,444,0.963602929688958,0.600899100899101,0.10925824464271,NA,NA,NA,NA,0.9508,344,3
NA,NA,445,0.963592292358938,0.600991600991601,0.109118158732773,NA,NA,NA,NA,0.9508,344,3
NA,NA,446,0.963537993190577,0.600769600769601,0.109054943151791,NA,NA,NA,NA,0.9508,344,3
NA,NA,447,0.963544697749704,0.600640100640101,0.109070219741125,NA,NA,NA,NA,0.9508,344,3
NA,NA,448,0.963522483381455,0.600806600806601,0.109119690912045,NA,NA,NA,NA,0.9508,344,3
NA,NA,449,0.963534056727278,0.600806600806601,0.109119690912045,NA,NA,NA,NA,0.9508,344,3
NA,NA,45,0.979467899597482,0.632830132830133,0.110172153623616,NA,NA,NA,NA,0.9508,344,3
NA,NA,450,0.963590657564193,0.601750101750102,0.109134771852742,NA,NA,NA,NA,0.9508,344,3
NA,NA,451,0.963589459918379,0.601916601916602,0.109120066334486,NA,NA,NA,NA,0.9508,344,3
NA,NA,452,0.96356434411447,0.602693602693603,0.109617001206634,NA,NA,NA,NA,0.9508,344,3
NA,NA,453,0.963544266730609,0.602619602619603,0.109610781771844,NA,NA,NA,NA,0.9508,344,3
NA,NA,454,0.963554292994485,0.602508602508602,0.109526593746704,NA,NA,NA,NA,0.9508,344,3
NA,NA,455,0.96352534476023,0.602379102379102,0.109503878179784,NA,NA,NA,NA,0.9508,344,3
NA,NA,456,0.96348100958363,0.602360602360602,0.109496502381567,NA,NA,NA,NA,0.9508,344,3
NA,NA,457,0.963483007839028,0.602989602989603,0.109644290494253,NA,NA,NA,NA,0.9508,344,3
NA,NA,458,0.963482037925495,0.603063603063603,0.109669575745999,NA,NA,NA,NA,0.9508,344,3
NA,NA,459,0.963443181516079,0.603304103304103,0.10979015217391,NA,NA,NA,NA,0.9508,344,3
NA,NA,46,0.97936024371771,0.632404632404632,0.109591520869293,NA,NA,NA,NA,0.9508,344,3
NA,NA,460,0.963405144649513,0.603415103415103,0.109828941147595,NA,NA,NA,NA,0.9508,344,3
NA,NA,461,0.963367876814121,0.603211603211603,0.109803269595237,NA,NA,NA,NA,0.9508,344,3
NA,NA,462,0.963302298676113,0.604118104118104,0.110166386876917,NA,NA,NA,NA,0.9508,344,3
NA,NA,463,0.963314791348734,0.604284604284604,0.110191893484904,NA,NA,NA,NA,0.9508,344,3
NA,NA,464,0.9633008821324,0.604414104414104,0.11019896991455,NA,NA,NA,NA,0.9508,344,3
NA,NA,465,0.963285080741405,0.604691604691605,0.110273900357928,NA,NA,NA,NA,0.9508,344,3
NA,NA,466,0.963296864609295,0.603951603951604,0.109893281168326,NA,NA,NA,NA,0.9508,344,3
NA,NA,467,0.96331273092125,0.604025604025604,0.109897865118229,NA,NA,NA,NA,0.9508,344,3
NA,NA,468,0.96331712241431,0.603970103970104,0.109880769338528,NA,NA,NA,NA,0.9508,344,3
NA,NA,469,0.96332096699692,0.603988603988604,0.109882172191913,NA,NA,NA,NA,0.9508,344,3
NA,NA,47,0.978769692995762,0.632016132016132,0.109465357894586,NA,NA,NA,NA,0.9508,344,3
NA,NA,470,0.963343893540454,0.604044104044104,0.109977977868057,NA,NA,NA,NA,0.9508,344,3
NA,NA,471,0.963279274174448,0.604136604136604,0.110001358464916,NA,NA,NA,NA,0.9508,344,3
NA,NA,472,0.963332702591242,0.604136604136604,0.109846555362914,NA,NA,NA,NA,0.9508,344,3
NA,NA,473,0.963297841394773,0.604155104155104,0.109821420276454,NA,NA,NA,NA,0.9508,344,3
NA,NA,474,0.96331882572761,0.604192104192104,0.109809233539744,NA,NA,NA,NA,0.9508,344,3
NA,NA,475,0.963316232395059,0.603970103970104,0.109663029952963,NA,NA,NA,NA,0.9508,344,3
NA,NA,476,0.963279003713906,0.604210604210604,0.109748194793953,NA,NA,NA,NA,0.9508,344,3
NA,NA,477,0.963282242239069,0.604580604580605,0.109785021075252,NA,NA,NA,NA,0.9508,344,3
NA,NA,478,0.963251366003674,0.604617604617605,0.109831152591786,NA,NA,NA,NA,0.9508,344,3
NA,NA,479,0.963252287293811,0.604747104747105,0.110013681341668,NA,NA,NA,NA,0.9508,344,3
NA,NA,48,0.978785735594639,0.633385133385133,0.109916448475526,NA,NA,NA,NA,0.9508,344,3
NA,NA,480,0.963217704835557,0.604747104747105,0.110018880437184,NA,NA,NA,NA,0.9508,344,3
NA,NA,481,0.963220458825831,0.604728604728605,0.110001019269026,NA,NA,NA,NA,0.9508,344,3
NA,NA,482,0.963237836218332,0.604895104895105,0.11003763351614,NA,NA,NA,NA,0.9508,344,3
NA,NA,483,0.963135854588031,0.604414104414104,0.110007575917223,NA,NA,NA,NA,0.9508,344,3
NA,NA,484,0.963127055953609,0.604451104451105,0.110073385784803,NA,NA,NA,NA,0.9508,344,3
NA,NA,485,0.963135292246593,0.604395604395604,0.110044003187673,NA,NA,NA,NA,0.9508,344,3
NA,NA,486,0.963129020822975,0.604506604506605,0.11006802242103,NA,NA,NA,NA,0.9508,344,3
NA,NA,487,0.963152396685132,0.604562104562105,0.110017313428587,NA,NA,NA,NA,0.9508,344,3
NA,NA,488,0.963108569226235,0.604821104821105,0.110062010682954,NA,NA,NA,NA,0.9508,344,3
NA,NA,489,0.96308437099897,0.604765604765605,0.110054196804961,NA,NA,NA,NA,0.9508,344,3
NA,NA,49,0.978646566859344,0.641673141673142,0.11123062459529,NA,NA,NA,NA,0.9508,344,3
NA,NA,490,0.963105951893756,0.604765604765605,0.110105884933827,NA,NA,NA,NA,0.9508,344,3
NA,NA,491,0.963121612499709,0.604821104821105,0.110019721507956,NA,NA,NA,NA,0.9508,344,3
NA,NA,492,0.963104220276414,0.604802604802605,0.110023495177876,NA,NA,NA,NA,0.9508,344,3
NA,NA,493,0.963100245059993,0.604728604728605,0.110011789589142,NA,NA,NA,NA,0.9508,344,3
NA,NA,494,0.9631066117351,0.604765604765605,0.110029327300784,NA,NA,NA,NA,0.9508,344,3
NA,NA,495,0.963109146008863,0.604747104747105,0.11012013949121,NA,NA,NA,NA,0.9508,344,3
NA,NA,496,0.963044418986373,0.604432604432604,0.11002064916353,NA,NA,NA,NA,0.9508,344,3
NA,NA,497,0.963042075186977,0.604562104562105,0.110012106381407,NA,NA,NA,NA,0.9508,344,3
NA,NA,498,0.96303444366867,0.604506604506605,0.109992152156323,NA,NA,NA,NA,0.9508,344,3
NA,NA,499,0.963031462884176,0.604488104488105,0.109953536986129,NA,NA,NA,NA,0.9508,344,3
NA,NA,5,1.03659725683359,0.600834350834351,0.0995527432820261,NA,NA,NA,NA,0.9508,344,3
NA,NA,50,0.978384782820744,0.642043142043142,0.112271438762585,NA,NA,NA,NA,0.9508,344,3
NA,NA,500,0.963052570772281,0.604414104414104,0.10991008878563,NA,NA,NA,NA,0.9508,344,3
NA,NA,501,0.963042770891754,0.604210604210604,0.109855520398949,NA,NA,NA,NA,0.9508,344,3
NA,NA,502,0.963091151066058,0.603951603951604,0.109802999980162,NA,NA,NA,NA,0.9508,344,3
NA,NA,503,0.963076005787432,0.604025604025604,0.109818309782666,NA,NA,NA,NA,0.9508,344,3
NA,NA,504,0.963074746840017,0.604136604136604,0.10985236252897,NA,NA,NA,NA,0.9508,344,3
NA,NA,505,0.963099774879617,0.604025604025604,0.109813885586786,NA,NA,NA,NA,0.9508,344,3
NA,NA,506,0.963105400801592,0.604192104192104,0.109868833872485,NA,NA,NA,NA,0.9508,344,3
NA,NA,507,0.963164076636176,0.603729603729604,0.109774484284364,NA,NA,NA,NA,0.9508,344,3
NA,NA,508,0.963157456823665,0.601361601361601,0.109551799348968,NA,NA,NA,NA,0.9508,344,3
NA,NA,509,0.963176267911632,0.601176601176601,0.10949000972202,NA,NA,NA,NA,0.9508,344,3
NA,NA,51,0.977685100492239,0.634208384208384,0.107390143955894,NA,NA,NA,NA,0.9508,344,3
NA,NA,510,0.963145380310374,0.601213601213601,0.109493119869132,NA,NA,NA,NA,0.9508,344,3
NA,NA,511,0.963114449813821,0.601417101417101,0.10947663293404,NA,NA,NA,NA,0.9508,344,3
NA,NA,512,0.963114086224615,0.601121101121101,0.109203992854354,NA,NA,NA,NA,0.9508,344,3
NA,NA,513,0.963093707747163,0.601195101195101,0.109249312720833,NA,NA,NA,NA,0.9508,344,3
NA,NA,514,0.963115268009613,0.601102601102601,0.109204104626456,NA,NA,NA,NA,0.9508,344,3
NA,NA,515,0.963156715263992,0.600973100973101,0.109174700331227,NA,NA,NA,NA,0.9508,344,3
NA,NA,516,0.963145627063466,0.600991600991601,0.109158174869619,NA,NA,NA,NA,0.9508,344,3
NA,NA,517,0.963200411994106,0.600658600658601,0.108933424606911,NA,NA,NA,NA,0.9508,344,3
NA,NA,518,0.963214483371905,0.600862100862101,0.108917725115527,NA,NA,NA,NA,0.9508,344,3
NA,NA,519,0.963193469992327,0.600973100973101,0.108948290733986,NA,NA,NA,NA,0.9508,344,3
NA,NA,52,0.977417881799229,0.622997372997373,0.105544140757098,NA,NA,NA,NA,0.9508,344,3
NA,NA,520,0.963213199487131,0.601528101528102,0.109046327096967,NA,NA,NA,NA,0.9508,344,3
NA,NA,521,0.963207417971065,0.601583601583602,0.1090507410214,NA,NA,NA,NA,0.9508,344,3
NA,NA,522,0.96316557005953,0.602434602434602,0.109278653241727,NA,NA,NA,NA,0.9508,344,3
NA,NA,523,0.963147988598882,0.602397602397602,0.109232329306338,NA,NA,NA,NA,0.9508,344,3
NA,NA,524,0.963186761108424,0.602231102231102,0.109084422328578,NA,NA,NA,NA,0.9508,344,3
NA,NA,525,0.963194581487847,0.602471602471602,0.109239471990298,NA,NA,NA,NA,0.9508,344,3
NA,NA,526,0.963195842671573,0.602342102342102,0.109093084980088,NA,NA,NA,NA,0.9508,344,3
NA,NA,527,0.963186954789558,0.602434602434602,0.109119021645277,NA,NA,NA,NA,0.9508,344,3
NA,NA,528,0.963233921515534,0.602656602656603,0.109134115506611,NA,NA,NA,NA,0.9508,344,3
NA,NA,529,0.963254150529324,0.602804602804603,0.109156098337381,NA,NA,NA,NA,0.9508,344,3
NA,NA,53,0.976827391040396,0.622534872534872,0.105485754885839,NA,NA,NA,NA,0.9508,344,3
NA,NA,530,0.963222432679113,0.602786102786103,0.109119556655006,NA,NA,NA,NA,0.9508,344,3
NA,NA,531,0.963217887091017,0.602841602841603,0.10912471135792,NA,NA,NA,NA,0.9508,344,3
NA,NA,532,0.963206052473147,0.602767602767603,0.109098852512041,NA,NA,NA,NA,0.9508,344,3
NA,NA,533,0.963193627792994,0.602823102823103,0.109101320353081,NA,NA,NA,NA,0.9508,344,3
NA,NA,534,0.963179807091502,0.602878602878603,0.109144002685774,NA,NA,NA,NA,0.9508,344,3
NA,NA,535,0.963114717989785,0.603119103119103,0.109253419798281,NA,NA,NA,NA,0.9508,344,3
NA,NA,536,0.963123659938131,0.603119103119103,0.109249503371066,NA,NA,NA,NA,0.9508,344,3
NA,NA,537,0.96311289988638,0.603137603137603,0.109288205578672,NA,NA,NA,NA,0.9508,344,3
NA,NA,538,0.963121943556466,0.603193103193103,0.109238372781581,NA,NA,NA,NA,0.9508,344,3
NA,NA,539,0.963113160259842,0.603174603174603,0.109220626437495,NA,NA,NA,NA,0.9508,344,3
NA,NA,54,0.976685711252071,0.623302623302623,0.105190923020823,NA,NA,NA,NA,0.9508,344,3
NA,NA,540,0.963119983529671,0.603137603137603,0.109263753864717,NA,NA,NA,NA,0.9508,344,3
NA,NA,541,0.963128269826094,0.603119103119103,0.109241534490575,NA,NA,NA,NA,0.9508,344,3
NA,NA,542,0.963110391068939,0.603267103267103,0.109292052983746,NA,NA,NA,NA,0.9508,344,3
NA,NA,543,0.963108945163558,0.603304103304103,0.109297746780034,NA,NA,NA,NA,0.9508,344,3
NA,NA,544,0.963095965151083,0.603489103489103,0.109362291931597,NA,NA,NA,NA,0.9508,344,3
NA,NA,545,0.963070276985562,0.604118104118104,0.109454998907362,NA,NA,NA,NA,0.9508,344,3
NA,NA,546,0.962996694720697,0.604192104192104,0.109449479040827,NA,NA,NA,NA,0.9508,344,3
NA,NA,547,0.963013494006684,0.604099604099604,0.109455508759389,NA,NA,NA,NA,0.9508,344,3
NA,NA,548,0.963048535122202,0.603988603988604,0.109437324851667,NA,NA,NA,NA,0.9508,344,3
NA,NA,549,0.962958866549087,0.603452103452103,0.109337618416648,NA,NA,NA,NA,0.9508,344,3
NA,NA,55,0.976237053111151,0.638195138195138,0.108013982507037,NA,NA,NA,NA,0.9508,344,3
NA,NA,550,0.962958792574674,0.603433603433603,0.109338583227479,NA,NA,NA,NA,0.9508,344,3
NA,NA,551,0.962969660234485,0.603470603470603,0.109306999674713,NA,NA,NA,NA,0.9508,344,3
NA,NA,552,0.962991709148849,0.603359603359603,0.109343670414412,NA,NA,NA,NA,0.9508,344,3
NA,NA,553,0.962989582729753,0.603304103304103,0.10928182295003,NA,NA,NA,NA,0.9508,344,3
NA,NA,554,0.962955559616925,0.603304103304103,0.109297251079351,NA,NA,NA,NA,0.9508,344,3
NA,NA,555,0.962951472610742,0.603230103230103,0.109228618403467,NA,NA,NA,NA,0.9508,344,3
NA,NA,556,0.962967179272702,0.603859103859104,0.109191438460947,NA,NA,NA,NA,0.9508,344,3
NA,NA,557,0.963008308003106,0.602508602508602,0.108513041790368,NA,NA,NA,NA,0.9508,344,3
NA,NA,558,0.962995008410291,0.602416102416102,0.108530530429381,NA,NA,NA,NA,0.9508,344,3
NA,NA,559,0.962981892238753,0.602545602545603,0.108521537407656,NA,NA,NA,NA,0.9508,344,3
NA,NA,56,0.975985858830143,0.636567136567137,0.107468082185392,NA,NA,NA,NA,0.9508,344,3
NA,NA,560,0.962965647083278,0.602582602582603,0.108531923164204,NA,NA,NA,NA,0.9508,344,3
NA,NA,561,0.962962715161368,0.602693602693603,0.108571130211771,NA,NA,NA,NA,0.9508,344,3
NA,NA,562,0.96293553975525,0.602878602878603,0.108674672875423,NA,NA,NA,NA,0.9508,344,3
NA,NA,563,0.962950574477098,0.602989602989603,0.108708574441933,NA,NA,NA,NA,0.9508,344,3
NA,NA,564,0.962963469711645,0.603452103452103,0.108775026425222,NA,NA,NA,NA,0.9508,344,3
NA,NA,565,0.962952044596281,0.603359603359603,0.108709554894483,NA,NA,NA,NA,0.9508,344,3
NA,NA,566,0.962932825790582,0.603896103896104,0.108871885292181,NA,NA,NA,NA,0.9508,344,3
NA,NA,567,0.962911131970461,0.603581603581604,0.108836781469035,NA,NA,NA,NA,0.9508,344,3
NA,NA,568,0.962917204567722,0.603655603655604,0.108835961962264,NA,NA,NA,NA,0.9508,344,3
NA,NA,569,0.962925413181384,0.603748103748104,0.108832509121118,NA,NA,NA,NA,0.9508,344,3
NA,NA,57,0.975701821599833,0.640766640766641,0.107775244222018,NA,NA,NA,NA,0.9508,344,3
NA,NA,570,0.962870782537358,0.603285603285603,0.10884453332166,NA,NA,NA,NA,0.9508,344,3
NA,NA,571,0.962884969790355,0.603618603618604,0.108860734793634,NA,NA,NA,NA,0.9508,344,3
NA,NA,572,0.962823612138953,0.603248603248603,0.108751343700679,NA,NA,NA,NA,0.9508,344,3
NA,NA,573,0.962823163021813,0.603248603248603,0.108751343700679,NA,NA,NA,NA,0.9508,344,3
NA,NA,574,0.96283455005134,0.603193103193103,0.108698553814859,NA,NA,NA,NA,0.9508,344,3
NA,NA,575,0.962820832243802,0.603248603248603,0.108703817297836,NA,NA,NA,NA,0.9508,344,3
NA,NA,576,0.962821407112174,0.603267103267103,0.108706900807794,NA,NA,NA,NA,0.9508,344,3
NA,NA,577,0.962809730613685,0.603304103304103,0.108712983375211,NA,NA,NA,NA,0.9508,344,3
NA,NA,578,0.962829013251159,0.602416102416102,0.108517101627214,NA,NA,NA,NA,0.9508,344,3
NA,NA,579,0.962812842612944,0.602434602434602,0.108506070842104,NA,NA,NA,NA,0.9508,344,3
NA,NA,58,0.975517607955422,0.639453139453139,0.107199000238597,NA,NA,NA,NA,0.9508,344,3
NA,NA,580,0.96276428999845,0.601990601990602,0.108498725768884,NA,NA,NA,NA,0.9508,344,3
NA,NA,581,0.962765801885457,0.602212602212602,0.1085247524222,NA,NA,NA,NA,0.9508,344,3
NA,NA,582,0.96274869943632,0.602212602212602,0.108488405373984,NA,NA,NA,NA,0.9508,344,3
NA,NA,583,0.962767650140289,0.602064602064602,0.108413271043104,NA,NA,NA,NA,0.9508,344,3
NA,NA,584,0.962752504801953,0.602101602101602,0.108416682755622,NA,NA,NA,NA,0.9508,344,3
NA,NA,585,0.962740978247043,0.602027602027602,0.1083870843749,NA,NA,NA,NA,0.9508,344,3
NA,NA,586,0.962772814513455,0.602693602693603,0.108738511529682,NA,NA,NA,NA,0.9508,344,3
NA,NA,587,0.962786359942872,0.602693602693603,0.108787452567414,NA,NA,NA,NA,0.9508,344,3
NA,NA,588,0.962798738742799,0.602693602693603,0.108782159458826,NA,NA,NA,NA,0.9508,344,3
NA,NA,589,0.962801375707685,0.602545602545603,0.108641005502966,NA,NA,NA,NA,0.9508,344,3
NA,NA,59,0.975303494919202,0.646131646131646,0.108881774036812,NA,NA,NA,NA,0.9508,344,3
NA,NA,590,0.962777662890198,0.602453102453102,0.10866508700337,NA,NA,NA,NA,0.9508,344,3
NA,NA,591,0.962758387122395,0.602397602397602,0.108591138235393,NA,NA,NA,NA,0.9508,344,3
NA,NA,592,0.962759995086393,0.602527102527103,0.108609107664506,NA,NA,NA,NA,0.9508,344,3
NA,NA,593,0.962750703076603,0.602508602508602,0.108604088116416,NA,NA,NA,NA,0.9508,344,3
NA,NA,594,0.962783746040069,0.602157102157102,0.108478997364038,NA,NA,NA,NA,0.9508,344,3
NA,NA,595,0.962786219301546,0.602323602323602,0.108612046477119,NA,NA,NA,NA,0.9508,344,3
NA,NA,596,0.962778922947533,0.602490102490102,0.108605917177434,NA,NA,NA,NA,0.9508,344,3
NA,NA,597,0.962739145915107,0.602545602545603,0.108641552285498,NA,NA,NA,NA,0.9508,344,3
NA,NA,598,0.962732850144868,0.602693602693603,0.108659706162343,NA,NA,NA,NA,0.9508,344,3
NA,NA,599,0.962731315316898,0.602749102749103,0.108636878493458,NA,NA,NA,NA,0.9508,344,3
NA,NA,6,1.03125184382346,0.573935323935324,0.0950690822531636,NA,NA,NA,NA,0.9508,344,3
NA,NA,60,0.975126773036192,0.646529396529397,0.108650551906111,NA,NA,NA,NA,0.9508,344,3
NA,NA,600,0.962736258326255,0.602656602656603,0.108630585271858,NA,NA,NA,NA,0.9508,344,3
NA,NA,601,0.9627060935188,0.602934102934103,0.108693457017743,NA,NA,NA,NA,0.9508,344,3
NA,NA,602,0.962694489805172,0.602841602841603,0.108680661324743,NA,NA,NA,NA,0.9508,344,3
NA,NA,603,0.962675083149278,0.602878602878603,0.108684649770649,NA,NA,NA,NA,0.9508,344,3
NA,NA,604,0.962656483370523,0.602767602767603,0.108649686607207,NA,NA,NA,NA,0.9508,344,3
NA,NA,605,0.962652969532853,0.602804602804603,0.108694916765412,NA,NA,NA,NA,0.9508,344,3
NA,NA,606,0.962653168763597,0.602841602841603,0.108732755447413,NA,NA,NA,NA,0.9508,344,3
NA,NA,607,0.962675749173173,0.602767602767603,0.108683541540469,NA,NA,NA,NA,0.9508,344,3
NA,NA,608,0.962657958457202,0.602841602841603,0.108713692716605,NA,NA,NA,NA,0.9508,344,3
NA,NA,609,0.962657166398056,0.602786102786103,0.108658850797914,NA,NA,NA,NA,0.9508,344,3
NA,NA,61,0.975004221874114,0.639055389055389,0.107077710501676,NA,NA,NA,NA,0.9508,344,3
NA,NA,610,0.962637458829802,0.602860102860103,0.108682242274414,NA,NA,NA,NA,0.9508,344,3
NA,NA,611,0.962637537095936,0.602767602767603,0.108611284491035,NA,NA,NA,NA,0.9508,344,3
NA,NA,612,0.962658244269992,0.602342102342102,0.108402480338733,NA,NA,NA,NA,0.9508,344,3
NA,NA,613,0.962654197885017,0.602360602360602,0.108480212837746,NA,NA,NA,NA,0.9508,344,3
NA,NA,614,0.962657946009354,0.602268102268102,0.108507842258467,NA,NA,NA,NA,0.9508,344,3
NA,NA,615,0.962620732556398,0.602360602360602,0.108522024110216,NA,NA,NA,NA,0.9508,344,3
NA,NA,616,0.96261530224003,0.602619602619603,0.108622725097423,NA,NA,NA,NA,0.9508,344,3
NA,NA,617,0.962586058673004,0.602601102601103,0.108608866187889,NA,NA,NA,NA,0.9508,344,3
NA,NA,618,0.962579263927674,0.602730602730603,0.108649770222195,NA,NA,NA,NA,0.9508,344,3
NA,NA,619,0.962612717271017,0.602915602915603,0.108652142221843,NA,NA,NA,NA,0.9508,344,3
NA,NA,62,0.974889938142374,0.64037814037814,0.107939130039461,NA,NA,NA,NA,0.9508,344,3
NA,NA,620,0.962594851491517,0.603045103045103,0.108749083809058,NA,NA,NA,NA,0.9508,344,3
NA,NA,621,0.962599940438815,0.603119103119103,0.108834969130656,NA,NA,NA,NA,0.9508,344,3
NA,NA,622,0.962590750615734,0.603119103119103,0.108790129463932,NA,NA,NA,NA,0.9508,344,3
NA,NA,623,0.962576405708462,0.603230103230103,0.108949268622365,NA,NA,NA,NA,0.9508,344,3
NA,NA,624,0.962562736744704,0.603211603211603,0.108948689788439,NA,NA,NA,NA,0.9508,344,3
NA,NA,625,0.962574939641615,0.602453102453102,0.108769929072911,NA,NA,NA,NA,0.9508,344,3
NA,NA,626,0.96258664799167,0.601435601435601,0.108430557830854,NA,NA,NA,NA,0.9508,344,3
NA,NA,627,0.96258152999379,0.601435601435601,0.108495811338985,NA,NA,NA,NA,0.9508,344,3
NA,NA,628,0.962600259423485,0.601417101417101,0.10848942303675,NA,NA,NA,NA,0.9508,344,3
NA,NA,629,0.962583549970439,0.601361601361601,0.108381485913047,NA,NA,NA,NA,0.9508,344,3
NA,NA,63,0.974657699924036,0.639379139379139,0.107793778049093,NA,NA,NA,NA,0.9508,344,3
NA,NA,630,0.962596940424549,0.600806600806601,0.108204132920299,NA,NA,NA,NA,0.9508,344,3
NA,NA,631,0.962597978970011,0.600973100973101,0.108242321675813,NA,NA,NA,NA,0.9508,344,3
NA,NA,632,0.962605015774962,0.600603100603101,0.10813213950212,NA,NA,NA,NA,0.9508,344,3
NA,NA,633,0.962616502562992,0.600603100603101,0.10812730853428,NA,NA,NA,NA,0.9508,344,3
NA,NA,634,0.962622944873907,0.600658600658601,0.108129751448855,NA,NA,NA,NA,0.9508,344,3
NA,NA,635,0.962621649822257,0.600621600621601,0.108010097489905,NA,NA,NA,NA,0.9508,344,3
NA,NA,636,0.962613027498473,0.600695600695601,0.108016303623307,NA,NA,NA,NA,0.9508,344,3
NA,NA,637,0.96261860707276,0.600603100603101,0.107967566786952,NA,NA,NA,NA,0.9508,344,3
NA,NA,638,0.962602533009982,0.600751100751101,0.108054988746168,NA,NA,NA,NA,0.9508,344,3
NA,NA,639,0.962595597102712,0.600658600658601,0.108006880130347,NA,NA,NA,NA,0.9508,344,3
NA,NA,64,0.97439686445098,0.638472638472638,0.107524341299837,NA,NA,NA,NA,0.9508,344,3
NA,NA,640,0.962578102260472,0.600695600695601,0.107910308431108,NA,NA,NA,NA,0.9508,344,3
NA,NA,641,0.962589207512066,0.6004181004181,0.107896938601569,NA,NA,NA,NA,0.9508,344,3
NA,NA,642,0.962573494417212,0.600529100529101,0.108025628040184,NA,NA,NA,NA,0.9508,344,3
NA,NA,643,0.962579028727248,0.600640100640101,0.108072461479445,NA,NA,NA,NA,0.9508,344,3
NA,NA,644,0.962632770835062,0.600677100677101,0.107911272280413,NA,NA,NA,NA,0.9508,344,3
NA,NA,645,0.962638738664795,0.600547600547601,0.107886660039103,NA,NA,NA,NA,0.9508,344,3
NA,NA,646,0.962637368146193,0.600621600621601,0.107947615130383,NA,NA,NA,NA,0.9508,344,3
NA,NA,647,0.962629149929999,0.600603100603101,0.107944195601281,NA,NA,NA,NA,0.9508,344,3
NA,NA,648,0.962636958901322,0.600788100788101,0.107976158722811,NA,NA,NA,NA,0.9508,344,3
NA,NA,649,0.962621364535076,0.600769600769601,0.108027927479968,NA,NA,NA,NA,0.9508,344,3
NA,NA,65,0.974454195735801,0.635679135679136,0.10646735042783,NA,NA,NA,NA,0.9508,344,3
NA,NA,650,0.962620538951398,0.600751100751101,0.108036145426329,NA,NA,NA,NA,0.9508,344,3
NA,NA,651,0.962607363686681,0.600732600732601,0.108047643260191,NA,NA,NA,NA,0.9508,344,3
NA,NA,652,0.962659560318856,0.600658600658601,0.108155383998514,NA,NA,NA,NA,0.9508,344,3
NA,NA,653,0.962667477391816,0.600751100751101,0.108204577262585,NA,NA,NA,NA,0.9508,344,3
NA,NA,654,0.962648302457004,0.600880600880601,0.108148697630544,NA,NA,NA,NA,0.9508,344,3
NA,NA,655,0.962624361746547,0.600751100751101,0.108043497536886,NA,NA,NA,NA,0.9508,344,3
NA,NA,656,0.962621720320485,0.600732600732601,0.10801958058626,NA,NA,NA,NA,0.9508,344,3
NA,NA,657,0.962639290693561,0.600695600695601,0.108010779260734,NA,NA,NA,NA,0.9508,344,3
NA,NA,658,0.962645921756597,0.600751100751101,0.108171204926533,NA,NA,NA,NA,0.9508,344,3
NA,NA,659,0.962614515243585,0.600880600880601,0.108193985350922,NA,NA,NA,NA,0.9508,344,3
NA,NA,66,0.974231850334832,0.632719132719133,0.105731926891984,NA,NA,NA,NA,0.9508,344,3
NA,NA,660,0.962610477011617,0.600751100751101,0.108139057586996,NA,NA,NA,NA,0.9508,344,3
NA,NA,661,0.962622679722778,0.6004921004921,0.108107563190302,NA,NA,NA,NA,0.9508,344,3
NA,NA,662,0.962616254860111,0.6004736004736,0.10802614505003,NA,NA,NA,NA,0.9508,344,3
NA,NA,663,0.962627829609728,0.6004181004181,0.108034018665407,NA,NA,NA,NA,0.9508,344,3
NA,NA,664,0.962645341521748,0.6003626003626,0.108020571373219,NA,NA,NA,NA,0.9508,344,3
NA,NA,665,0.962641206402493,0.600510600510601,0.108055799934361,NA,NA,NA,NA,0.9508,344,3
NA,NA,666,0.962635072030722,0.6003811003811,0.107867834808453,NA,NA,NA,NA,0.9508,344,3
NA,NA,667,0.962642410862313,0.6003996003996,0.107867307436956,NA,NA,NA,NA,0.9508,344,3
NA,NA,668,0.962642701736411,0.6002701002701,0.107778441294433,NA,NA,NA,NA,0.9508,344,3
NA,NA,669,0.962653284815887,0.6000666000666,0.107735456330367,NA,NA,NA,NA,0.9508,344,3
NA,NA,67,0.974312281019415,0.633662633662634,0.105811088617028,NA,NA,NA,NA,0.9508,344,3
NA,NA,670,0.96264449477423,0.6000851000851,0.107738436679024,NA,NA,NA,NA,0.9508,344,3
NA,NA,671,0.962608069624678,0.600788100788101,0.108075826490747,NA,NA,NA,NA,0.9508,344,3
NA,NA,672,0.962596908724649,0.600880600880601,0.108079657254402,NA,NA,NA,NA,0.9508,344,3
NA,NA,673,0.962609160140604,0.600862100862101,0.107977760580338,NA,NA,NA,NA,0.9508,344,3
NA,NA,674,0.962594407439297,0.601306101306101,0.107934932909757,NA,NA,NA,NA,0.9508,344,3
NA,NA,675,0.962611583382052,0.601398601398601,0.10809232072115,NA,NA,NA,NA,0.9508,344,3
NA,NA,676,0.962616000652711,0.601380101380101,0.108062733636172,NA,NA,NA,NA,0.9508,344,3
NA,NA,677,0.962612735853196,0.601380101380101,0.10805922635684,NA,NA,NA,NA,0.9508,344,3
NA,NA,678,0.962630419490532,0.601343101343101,0.108047978323927,NA,NA,NA,NA,0.9508,344,3
NA,NA,679,0.962580745279626,0.601269101269101,0.108034835001094,NA,NA,NA,NA,0.9508,344,3
NA,NA,68,0.974171850240691,0.634476634476634,0.106175301182309,NA,NA,NA,NA,0.9508,344,3
NA,NA,680,0.962557611153703,0.601639101639102,0.1081475572391,NA,NA,NA,NA,0.9508,344,3
NA,NA,681,0.962551536753549,0.601916601916602,0.10820427448944,NA,NA,NA,NA,0.9508,344,3
NA,NA,682,0.962523552228111,0.602286602286602,0.108322872734299,NA,NA,NA,NA,0.9508,344,3
NA,NA,683,0.962510608303505,0.602249602249602,0.108302317127816,NA,NA,NA,NA,0.9508,344,3
NA,NA,684,0.962520380144785,0.602120102120102,0.108211883074556,NA,NA,NA,NA,0.9508,344,3
NA,NA,685,0.962520837552603,0.602175602175602,0.108221540390945,NA,NA,NA,NA,0.9508,344,3
NA,NA,686,0.962527581817514,0.602101602101602,0.108547682534798,NA,NA,NA,NA,0.9508,344,3
NA,NA,687,0.962495258583964,0.602064602064602,0.108464141993308,NA,NA,NA,NA,0.9508,344,3
NA,NA,688,0.962502540940843,0.602194102194102,0.108485796426835,NA,NA,NA,NA,0.9508,344,3
NA,NA,689,0.962554295643225,0.602046102046102,0.108543188798983,NA,NA,NA,NA,0.9508,344,3
NA,NA,69,0.974153051911445,0.630573130573131,0.104984664091519,NA,NA,NA,NA,0.9508,344,3
NA,NA,690,0.962554905356053,0.601935101935102,0.108229388730062,NA,NA,NA,NA,0.9508,344,3
NA,NA,691,0.962558790747294,0.599511599511599,0.107969600018072,NA,NA,NA,NA,0.9508,344,3
NA,NA,692,0.962530673393944,0.5995670995671,0.107975209693829,NA,NA,NA,NA,0.9508,344,3
NA,NA,693,0.962534603743702,0.5995855995856,0.107902163716275,NA,NA,NA,NA,0.9508,344,3
NA,NA,694,0.962523031192577,0.5996410996411,0.107951467499391,NA,NA,NA,NA,0.9508,344,3
NA,NA,695,0.962514817966895,0.600584600584601,0.108042196061598,NA,NA,NA,NA,0.9508,344,3
NA,NA,696,0.962507023208269,0.600695600695601,0.108063972729152,NA,NA,NA,NA,0.9508,344,3
NA,NA,697,0.962517371999112,0.600695600695601,0.108067283487061,NA,NA,NA,NA,0.9508,344,3
NA,NA,698,0.962494871531878,0.600714100714101,0.108068772881963,NA,NA,NA,NA,0.9508,344,3
NA,NA,699,0.962481835032762,0.600788100788101,0.108121719453515,NA,NA,NA,NA,0.9508,344,3
NA,NA,7,1.02574172196068,0.600510600510601,0.100892666239598,NA,NA,NA,NA,0.9508,344,3
NA,NA,70,0.974001370934288,0.629278129278129,0.104569690100211,NA,NA,NA,NA,0.9508,344,3
NA,NA,700,0.962451349837184,0.600510600510601,0.108125134144251,NA,NA,NA,NA,0.9508,344,3
NA,NA,701,0.962447704946466,0.600603100603101,0.108165428835956,NA,NA,NA,NA,0.9508,344,3
NA,NA,702,0.962409120890443,0.600889850889851,0.108386897919568,NA,NA,NA,NA,0.9508,344,3
NA,NA,703,0.962422690658625,0.601093351093351,0.108454484397085,NA,NA,NA,NA,0.9508,344,3
NA,NA,704,0.962422261829406,0.601074851074851,0.108455788694616,NA,NA,NA,NA,0.9508,344,3
NA,NA,705,0.962415743104185,0.601093351093351,0.108487357402044,NA,NA,NA,NA,0.9508,344,3
NA,NA,706,0.962406727969779,0.601111851111851,0.108470096076984,NA,NA,NA,NA,0.9508,344,3
NA,NA,707,0.962415226346135,0.601148851148851,0.108513339850901,NA,NA,NA,NA,0.9508,344,3
NA,NA,708,0.962408321879595,0.600982350982351,0.10840553273517,NA,NA,NA,NA,0.9508,344,3
NA,NA,709,0.962400852223947,0.600852850852851,0.108356087059648,NA,NA,NA,NA,0.9508,344,3
NA,NA,71,0.97345652214053,0.625855625855626,0.104155998059965,NA,NA,NA,NA,0.9508,344,3
NA,NA,710,0.962380517107859,0.600963850963851,0.108416014457996,NA,NA,NA,NA,0.9508,344,3
NA,NA,711,0.962403259851364,0.600982350982351,0.108402324061105,NA,NA,NA,NA,0.9508,344,3
NA,NA,712,0.962391631145558,0.601019351019351,0.108376165720193,NA,NA,NA,NA,0.9508,344,3
NA,NA,713,0.962416626436936,0.601019351019351,0.108404334364691,NA,NA,NA,NA,0.9508,344,3
NA,NA,714,0.962384631376582,0.601093351093351,0.108404220930452,NA,NA,NA,NA,0.9508,344,3
NA,NA,715,0.962375932983342,0.601093351093351,0.108378554911066,NA,NA,NA,NA,0.9508,344,3
NA,NA,716,0.962368159778616,0.601148851148851,0.108388727940269,NA,NA,NA,NA,0.9508,344,3
NA,NA,717,0.96237413881367,0.601037851037851,0.108270952593438,NA,NA,NA,NA,0.9508,344,3
NA,NA,718,0.962368846774271,0.600778850778851,0.108220998415056,NA,NA,NA,NA,0.9508,344,3
NA,NA,719,0.962378820599566,0.600778850778851,0.108224541641474,NA,NA,NA,NA,0.9508,344,3
NA,NA,72,0.973443119943395,0.625134125134125,0.103939230952809,NA,NA,NA,NA,0.9508,344,3
NA,NA,720,0.962382706309061,0.600871350871351,0.10827961903863,NA,NA,NA,NA,0.9508,344,3
NA,NA,721,0.962378833094949,0.600815850815851,0.108261147798765,NA,NA,NA,NA,0.9508,344,3
NA,NA,722,0.962393164462175,0.600723350723351,0.108304307223854,NA,NA,NA,NA,0.9508,344,3
NA,NA,723,0.962387398396983,0.600760350760351,0.108224057375687,NA,NA,NA,NA,0.9508,344,3
NA,NA,724,0.962388886439796,0.600778850778851,0.108198129289813,NA,NA,NA,NA,0.9508,344,3
NA,NA,725,0.9623747822991,0.600704850704851,0.108177235353501,NA,NA,NA,NA,0.9508,344,3
NA,NA,726,0.9623716025333,0.600704850704851,0.108174630431324,NA,NA,NA,NA,0.9508,344,3
NA,NA,727,0.962382360918654,0.600556850556851,0.108118350773319,NA,NA,NA,NA,0.9508,344,3
NA,NA,728,0.962383175002857,0.60040885040885,0.108030987548565,NA,NA,NA,NA,0.9508,344,3
NA,NA,729,0.962414435847452,0.60050135050135,0.10819177531039,NA,NA,NA,NA,0.9508,344,3
NA,NA,73,0.973372247378809,0.625319125319125,0.103911522108232,NA,NA,NA,NA,0.9508,344,3
NA,NA,730,0.962411391856608,0.600667850667851,0.108228142036267,NA,NA,NA,NA,0.9508,344,3
NA,NA,731,0.962416249518035,0.600538350538351,0.108129765555686,NA,NA,NA,NA,0.9508,344,3
NA,NA,732,0.962394245101005,0.600760350760351,0.108189056524896,NA,NA,NA,NA,0.9508,344,3
NA,NA,733,0.962381341862458,0.600741850741851,0.108144781128987,NA,NA,NA,NA,0.9508,344,3
NA,NA,734,0.962389671078037,0.600908350908351,0.108214536442042,NA,NA,NA,NA,0.9508,344,3
NA,NA,735,0.9624072895149,0.601037851037851,0.108085147981359,NA,NA,NA,NA,0.9508,344,3
NA,NA,736,0.962440678198024,0.601185851185851,0.108109694031551,NA,NA,NA,NA,0.9508,344,3
NA,NA,737,0.962421630621908,0.601278351278351,0.108340076108182,NA,NA,NA,NA,0.9508,344,3
NA,NA,738,0.962452966667096,0.601278351278351,0.108280955961563,NA,NA,NA,NA,0.9508,344,3
NA,NA,739,0.962453145400515,0.601315351315351,0.108258353377293,NA,NA,NA,NA,0.9508,344,3
NA,NA,74,0.972983615417468,0.626688126688127,0.103948177909711,NA,NA,NA,NA,0.9508,344,3
NA,NA,740,0.962432524204589,0.601278351278351,0.108223729615752,NA,NA,NA,NA,0.9508,344,3
NA,NA,741,0.962412174019225,0.601315351315351,0.108243460912147,NA,NA,NA,NA,0.9508,344,3
NA,NA,742,0.962400526349303,0.601315351315351,0.108248261867196,NA,NA,NA,NA,0.9508,344,3
NA,NA,743,0.962388373893511,0.601426351426351,0.108276931390909,NA,NA,NA,NA,0.9508,344,3
NA,NA,744,0.962389098437906,0.601407851407851,0.108287312296349,NA,NA,NA,NA,0.9508,344,3
NA,NA,745,0.962388718594414,0.601370851370851,0.108273881858769,NA,NA,NA,NA,0.9508,344,3
NA,NA,746,0.962430456389327,0.60046435046435,0.108325396124654,NA,NA,NA,NA,0.9508,344,3
NA,NA,747,0.962419521845858,0.60039035039035,0.10826198170717,NA,NA,NA,NA,0.9508,344,3
NA,NA,748,0.96244648097616,0.60050135050135,0.108234302470101,NA,NA,NA,NA,0.9508,344,3
NA,NA,749,0.962427757186571,0.600630850630851,0.108224202658695,NA,NA,NA,NA,0.9508,344,3
NA,NA,75,0.972992029901902,0.626854626854627,0.104298063134954,NA,NA,NA,NA,0.9508,344,3
NA,NA,750,0.9624263463978,0.600686350686351,0.108235573431643,NA,NA,NA,NA,0.9508,344,3
NA,NA,751,0.962411581917134,0.60050135050135,0.108215644200477,NA,NA,NA,NA,0.9508,344,3
NA,NA,752,0.962451395992258,0.60022385022385,0.108081935119742,NA,NA,NA,NA,0.9508,344,3
NA,NA,753,0.962452464663936,0.60031635031635,0.108120614667913,NA,NA,NA,NA,0.9508,344,3
NA,NA,754,0.962451846251597,0.600501350501351,0.108218825924069,NA,NA,NA,NA,0.9508,344,3
NA,NA,755,0.962440506755141,0.60046435046435,0.108211377257948,NA,NA,NA,NA,0.9508,344,3
NA,NA,756,0.962448491300384,0.60039035039035,0.108195202802012,NA,NA,NA,NA,0.9508,344,3
NA,NA,757,0.962456553222296,0.60027935027935,0.108160425787321,NA,NA,NA,NA,0.9508,344,3
NA,NA,758,0.962454374117335,0.60046435046435,0.108180149770597,NA,NA,NA,NA,0.9508,344,3
NA,NA,759,0.962450526811591,0.60044585044585,0.10817752949473,NA,NA,NA,NA,0.9508,344,3
NA,NA,76,0.973286942696946,0.627539127539128,0.104640989424431,NA,NA,NA,NA,0.9508,344,3
NA,NA,760,0.962525647173703,0.599095349095349,0.107861017252628,NA,NA,NA,NA,0.9508,344,3
NA,NA,761,0.9625168753253,0.598984348984349,0.10799633071132,NA,NA,NA,NA,0.9508,344,3
NA,NA,762,0.96252290792045,0.599446849446849,0.10814500635939,NA,NA,NA,NA,0.9508,344,3
NA,NA,763,0.962534045274492,0.599446849446849,0.108131253539693,NA,NA,NA,NA,0.9508,344,3
NA,NA,764,0.962537842357316,0.59968734968735,0.108058059186269,NA,NA,NA,NA,0.9508,344,3
NA,NA,765,0.962504903801243,0.598151848151848,0.107874989191901,NA,NA,NA,NA,0.9508,344,3
NA,NA,766,0.962487557018774,0.598151848151848,0.107874989191901,NA,NA,NA,NA,0.9508,344,3
NA,NA,767,0.96249323227941,0.598188848188848,0.107911545007095,NA,NA,NA,NA,0.9508,344,3
NA,NA,768,0.962484649903049,0.598373848373848,0.107996530379762,NA,NA,NA,NA,0.9508,344,3
NA,NA,769,0.962471153169859,0.598558848558849,0.108011188729984,NA,NA,NA,NA,0.9508,344,3
NA,NA,77,0.973208504342708,0.627779627779628,0.104777248937596,NA,NA,NA,NA,0.9508,344,3
NA,NA,770,0.96245578455138,0.598410848410848,0.107956110162791,NA,NA,NA,NA,0.9508,344,3
NA,NA,771,0.962436847107722,0.598392348392348,0.107993048486094,NA,NA,NA,NA,0.9508,344,3
NA,NA,772,0.962413391055494,0.598595848595849,0.1081049200505,NA,NA,NA,NA,0.9508,344,3
NA,NA,773,0.962386149577341,0.598392348392348,0.108091509013929,NA,NA,NA,NA,0.9508,344,3
NA,NA,774,0.962411399882052,0.598669848669849,0.108171624364758,NA,NA,NA,NA,0.9508,344,3
NA,NA,775,0.962414873884107,0.598725348725349,0.108128760542446,NA,NA,NA,NA,0.9508,344,3
NA,NA,776,0.962406813110002,0.598706848706849,0.108127392543129,NA,NA,NA,NA,0.9508,344,3
NA,NA,777,0.962404330027288,0.598688348688349,0.108165021597616,NA,NA,NA,NA,0.9508,344,3
NA,NA,778,0.962396256086467,0.598688348688349,0.108165021597616,NA,NA,NA,NA,0.9508,344,3
NA,NA,779,0.962373603323597,0.598762348762349,0.108141456136448,NA,NA,NA,NA,0.9508,344,3
NA,NA,78,0.973305366336033,0.628760128760129,0.105795634296071,NA,NA,NA,NA,0.9508,344,3
NA,NA,780,0.96237308044046,0.598743848743849,0.108144474864323,NA,NA,NA,NA,0.9508,344,3
NA,NA,781,0.962374283394069,0.598854848854849,0.108176085436551,NA,NA,NA,NA,0.9508,344,3
NA,NA,782,0.962379916465621,0.598910348910349,0.108151349049487,NA,NA,NA,NA,0.9508,344,3
NA,NA,783,0.962374369009827,0.598873348873349,0.108139595016064,NA,NA,NA,NA,0.9508,344,3
NA,NA,784,0.962342999388006,0.598429348429348,0.108098782032111,NA,NA,NA,NA,0.9508,344,3
NA,NA,785,0.962330656477976,0.598355348355348,0.108079491515801,NA,NA,NA,NA,0.9508,344,3
NA,NA,786,0.962325898515589,0.598373848373848,0.108071377587256,NA,NA,NA,NA,0.9508,344,3
NA,NA,787,0.962301749715681,0.598429348429348,0.108094235334757,NA,NA,NA,NA,0.9508,344,3
NA,NA,788,0.962336306570748,0.598484848484849,0.108264147028861,NA,NA,NA,NA,0.9508,344,3
NA,NA,789,0.962341817482519,0.598614348614349,0.108313781006686,NA,NA,NA,NA,0.9508,344,3
NA,NA,79,0.97280521416799,0.616559366559367,0.104721810514706,NA,NA,NA,NA,0.9508,344,3
NA,NA,790,0.962350132088865,0.598651348651349,0.108316796869113,NA,NA,NA,NA,0.9508,344,3
NA,NA,791,0.962318468045186,0.598688348688349,0.108324655811926,NA,NA,NA,NA,0.9508,344,3
NA,NA,792,0.962314870609465,0.598688348688349,0.108324655811926,NA,NA,NA,NA,0.9508,344,3
NA,NA,793,0.962314238121774,0.598743848743849,0.108348563905721,NA,NA,NA,NA,0.9508,344,3
NA,NA,794,0.962295349432153,0.598762348762349,0.108365501399778,NA,NA,NA,NA,0.9508,344,3
NA,NA,795,0.962308428721751,0.598429348429348,0.108260543857134,NA,NA,NA,NA,0.9508,344,3
NA,NA,796,0.962312301733469,0.598447848447848,0.108262010068017,NA,NA,NA,NA,0.9508,344,3
NA,NA,797,0.962297545662062,0.598447848447848,0.10807113965454,NA,NA,NA,NA,0.9508,344,3
NA,NA,798,0.962285817765635,0.598447848447848,0.108075632431071,NA,NA,NA,NA,0.9508,344,3
NA,NA,799,0.962291963844997,0.598447848447848,0.108083951764931,NA,NA,NA,NA,0.9508,344,3
NA,NA,8,1.02259805675278,0.638324638324638,0.106023546440438,NA,NA,NA,NA,0.9508,344,3
NA,NA,80,0.972648265875597,0.616614866614867,0.104953165590179,NA,NA,NA,NA,0.9508,344,3
NA,NA,800,0.962303990180183,0.598503348503349,0.108087326607719,NA,NA,NA,NA,0.9508,344,3
NA,NA,801,0.962314952430693,0.598355348355348,0.108003274092478,NA,NA,NA,NA,0.9508,344,3
NA,NA,802,0.962313351375133,0.598336848336848,0.107978267923309,NA,NA,NA,NA,0.9508,344,3
NA,NA,803,0.962320326967631,0.598503348503349,0.107998534025212,NA,NA,NA,NA,0.9508,344,3
NA,NA,804,0.962302424563953,0.598447848447848,0.107886503233655,NA,NA,NA,NA,0.9508,344,3
NA,NA,805,0.962298279061392,0.598410848410848,0.107822414768766,NA,NA,NA,NA,0.9508,344,3
NA,NA,806,0.962311209718781,0.598595848595849,0.107845577108981,NA,NA,NA,NA,0.9508,344,3
NA,NA,807,0.96230983621462,0.598521848521849,0.107821596078352,NA,NA,NA,NA,0.9508,344,3
NA,NA,808,0.962300168862252,0.598521848521849,0.107856678482248,NA,NA,NA,NA,0.9508,344,3
NA,NA,809,0.96230414517374,0.598595848595849,0.10785322868769,NA,NA,NA,NA,0.9508,344,3
NA,NA,81,0.972479322537623,0.616966366966367,0.104985489594888,NA,NA,NA,NA,0.9508,344,3
NA,NA,810,0.962312565081377,0.598669848669849,0.10791371802329,NA,NA,NA,NA,0.9508,344,3
NA,NA,811,0.962334054141561,0.598651348651349,0.107976775867693,NA,NA,NA,NA,0.9508,344,3
NA,NA,812,0.96227942868154,0.598706848706849,0.107982095888654,NA,NA,NA,NA,0.9508,344,3
NA,NA,813,0.962309259069669,0.599021349021349,0.108057451758125,NA,NA,NA,NA,0.9508,344,3
NA,NA,814,0.962326056643942,0.600501350501351,0.108128236091863,NA,NA,NA,NA,0.9508,344,3
NA,NA,815,0.962311784592474,0.60037185037185,0.10805740950606,NA,NA,NA,NA,0.9508,344,3
NA,NA,816,0.962303031489288,0.60033485033485,0.108082559713901,NA,NA,NA,NA,0.9508,344,3
NA,NA,817,0.962262670439756,0.60014985014985,0.108024455865712,NA,NA,NA,NA,0.9508,344,3
NA,NA,818,0.962278596707232,0.60022385022385,0.1080255412095,NA,NA,NA,NA,0.9508,344,3
NA,NA,819,0.962266440923921,0.60024235024235,0.1080313778648,NA,NA,NA,NA,0.9508,344,3
NA,NA,82,0.972336693991131,0.615976615976616,0.10458514654779,NA,NA,NA,NA,0.9508,344,3
NA,NA,820,0.962273977259772,0.60040885040885,0.108061568044532,NA,NA,NA,NA,0.9508,344,3
NA,NA,821,0.962277988745899,0.60035335035335,0.108012804153138,NA,NA,NA,NA,0.9508,344,3
NA,NA,822,0.962289529838786,0.600760350760351,0.108044142755299,NA,NA,NA,NA,0.9508,344,3
NA,NA,823,0.962306086963688,0.600982350982351,0.108067994021446,NA,NA,NA,NA,0.9508,344,3
NA,NA,824,0.962289210170518,0.601056351056351,0.108071699858478,NA,NA,NA,NA,0.9508,344,3
NA,NA,825,0.962307832478127,0.601093351093351,0.108084636795186,NA,NA,NA,NA,0.9508,344,3
NA,NA,826,0.962289235072467,0.601093351093351,0.108084636795186,NA,NA,NA,NA,0.9508,344,3
NA,NA,827,0.962277236670265,0.601352351352351,0.108169684263027,NA,NA,NA,NA,0.9508,344,3
NA,NA,828,0.962279913297369,0.601222851222851,0.108059311608986,NA,NA,NA,NA,0.9508,344,3
NA,NA,829,0.962259129621667,0.601315351315351,0.10800295403822,NA,NA,NA,NA,0.9508,344,3
NA,NA,83,0.972660466671401,0.613775113775114,0.103567454952733,NA,NA,NA,NA,0.9508,344,3
NA,NA,830,0.96220668223019,0.601537351537352,0.108039418463362,NA,NA,NA,NA,0.9508,344,3
NA,NA,831,0.962189668291999,0.601629851629852,0.108064569792301,NA,NA,NA,NA,0.9508,344,3
NA,NA,832,0.962189872626658,0.601629851629852,0.108064569792301,NA,NA,NA,NA,0.9508,344,3
NA,NA,833,0.962189355718968,0.601481851481852,0.108035612389877,NA,NA,NA,NA,0.9508,344,3
NA,NA,834,0.962164143960525,0.601518851518852,0.108028002340007,NA,NA,NA,NA,0.9508,344,3
NA,NA,835,0.962147188227082,0.601851851851852,0.108085622164777,NA,NA,NA,NA,0.9508,344,3
NA,NA,836,0.962147924288261,0.601999851999852,0.108030455062813,NA,NA,NA,NA,0.9508,344,3
NA,NA,837,0.962144065939212,0.602129352129352,0.108044725052289,NA,NA,NA,NA,0.9508,344,3
NA,NA,838,0.962196521944343,0.602258852258852,0.108106051500369,NA,NA,NA,NA,0.9508,344,3
NA,NA,839,0.9621974871427,0.602240352240352,0.108099761139128,NA,NA,NA,NA,0.9508,344,3
NA,NA,84,0.972498316136826,0.613719613719614,0.103521497676779,NA,NA,NA,NA,0.9508,344,3
NA,NA,840,0.962195907125663,0.602166352166352,0.108098094575075,NA,NA,NA,NA,0.9508,344,3
NA,NA,841,0.962195582859961,0.602092352092352,0.108075638653264,NA,NA,NA,NA,0.9508,344,3
NA,NA,842,0.962193834727111,0.602092352092352,0.108075638653264,NA,NA,NA,NA,0.9508,344,3
NA,NA,843,0.962201191392233,0.602184852184852,0.108218924748757,NA,NA,NA,NA,0.9508,344,3
NA,NA,844,0.96220485801266,0.602110852110852,0.108198008383719,NA,NA,NA,NA,0.9508,344,3
NA,NA,845,0.962200730156801,0.602092352092352,0.108123957693438,NA,NA,NA,NA,0.9508,344,3
NA,NA,846,0.962205073700899,0.602036852036852,0.108091088452951,NA,NA,NA,NA,0.9508,344,3
NA,NA,847,0.96219849645308,0.601981351981352,0.10803673194517,NA,NA,NA,NA,0.9508,344,3
NA,NA,848,0.962210165026357,0.600667850667851,0.107919090691859,NA,NA,NA,NA,0.9508,344,3
NA,NA,849,0.962213601489743,0.600760350760351,0.107938132937171,NA,NA,NA,NA,0.9508,344,3
NA,NA,85,0.972438142747844,0.613210863210863,0.105057192353335,NA,NA,NA,NA,0.9508,344,3
NA,NA,850,0.962164636134662,0.600889850889851,0.107949103940706,NA,NA,NA,NA,0.9508,344,3
NA,NA,851,0.96214575958312,0.600815850815851,0.1079668236365,NA,NA,NA,NA,0.9508,344,3
NA,NA,852,0.962128732290614,0.600797350797351,0.107948015278743,NA,NA,NA,NA,0.9508,344,3
NA,NA,853,0.962123870263154,0.600723350723351,0.107925086662632,NA,NA,NA,NA,0.9508,344,3
NA,NA,854,0.962129469871808,0.600649350649351,0.107848923647234,NA,NA,NA,NA,0.9508,344,3
NA,NA,855,0.962141376756148,0.601093351093351,0.107934912874821,NA,NA,NA,NA,0.9508,344,3
NA,NA,856,0.962145165167447,0.601037851037851,0.107915523101562,NA,NA,NA,NA,0.9508,344,3
NA,NA,857,0.96216645720543,0.601074851074851,0.107887727230277,NA,NA,NA,NA,0.9508,344,3
NA,NA,858,0.962168937016272,0.600982350982351,0.107854956665333,NA,NA,NA,NA,0.9508,344,3
NA,NA,859,0.962196029160443,0.600871350871351,0.107800996616029,NA,NA,NA,NA,0.9508,344,3
NA,NA,86,0.972253190336042,0.612581862581863,0.104728076332826,NA,NA,NA,NA,0.9508,344,3
NA,NA,860,0.962164068151049,0.600815850815851,0.107722733894685,NA,NA,NA,NA,0.9508,344,3
NA,NA,861,0.962161573670048,0.600760350760351,0.10771853423479,NA,NA,NA,NA,0.9508,344,3
NA,NA,862,0.962153665817849,0.600704850704851,0.107703003146637,NA,NA,NA,NA,0.9508,344,3
NA,NA,863,0.962142116459211,0.600963850963851,0.107777008413244,NA,NA,NA,NA,0.9508,344,3
NA,NA,864,0.962139929433206,0.600982350982351,0.107764733524692,NA,NA,NA,NA,0.9508,344,3
NA,NA,865,0.962127335575425,0.601093351093351,0.107803659517271,NA,NA,NA,NA,0.9508,344,3
NA,NA,866,0.962110641699161,0.601204351204351,0.107846859238059,NA,NA,NA,NA,0.9508,344,3
NA,NA,867,0.962112104354421,0.601167351167351,0.107801997440061,NA,NA,NA,NA,0.9508,344,3
NA,NA,868,0.962097034149691,0.601426351426351,0.107783929182264,NA,NA,NA,NA,0.9508,344,3
NA,NA,869,0.962076017827893,0.601278351278351,0.107716504249575,NA,NA,NA,NA,0.9508,344,3
NA,NA,87,0.972189909314767,0.612822362822363,0.104962947722489,NA,NA,NA,NA,0.9508,344,3
NA,NA,870,0.962075074989909,0.601370851370851,0.107751459299206,NA,NA,NA,NA,0.9508,344,3
NA,NA,871,0.962064958406736,0.601481851481852,0.107859080291925,NA,NA,NA,NA,0.9508,344,3
NA,NA,872,0.962053420607634,0.601629851629852,0.107896941420827,NA,NA,NA,NA,0.9508,344,3
NA,NA,873,0.962066332373557,0.601629851629852,0.107896941420827,NA,NA,NA,NA,0.9508,344,3
NA,NA,874,0.962058057792573,0.601666851666852,0.107902618872367,NA,NA,NA,NA,0.9508,344,3
NA,NA,875,0.962067110635652,0.601666851666852,0.107902618872367,NA,NA,NA,NA,0.9508,344,3
NA,NA,876,0.962043260841291,0.601611351611352,0.107819712876226,NA,NA,NA,NA,0.9508,344,3
NA,NA,877,0.962034038549927,0.601481851481852,0.107783599160195,NA,NA,NA,NA,0.9508,344,3
NA,NA,878,0.962039135588135,0.601389351389351,0.107742647004851,NA,NA,NA,NA,0.9508,344,3
NA,NA,879,0.962028454936761,0.601481851481852,0.107785109118957,NA,NA,NA,NA,0.9508,344,3
NA,NA,88,0.97234485050483,0.611638361638362,0.105266582725313,NA,NA,NA,NA,0.9508,344,3
NA,NA,880,0.962028775304693,0.600926850926851,0.107611832811812,NA,NA,NA,NA,0.9508,344,3
NA,NA,881,0.962018746923358,0.601222851222851,0.107654969236481,NA,NA,NA,NA,0.9508,344,3
NA,NA,882,0.962010391016987,0.601185851185851,0.107660097354282,NA,NA,NA,NA,0.9508,344,3
NA,NA,883,0.962021282448013,0.601000851000851,0.107576037774193,NA,NA,NA,NA,0.9508,344,3
NA,NA,884,0.962015667161856,0.601037851037851,0.107585322580516,NA,NA,NA,NA,0.9508,344,3
NA,NA,885,0.962004973666663,0.600741850741851,0.107503168003202,NA,NA,NA,NA,0.9508,344,3
NA,NA,886,0.962005210858659,0.600704850704851,0.10749087548002,NA,NA,NA,NA,0.9508,344,3
NA,NA,887,0.962001775086277,0.600815850815851,0.10756548928128,NA,NA,NA,NA,0.9508,344,3
NA,NA,888,0.961980014612356,0.600815850815851,0.107563635799714,NA,NA,NA,NA,0.9508,344,3
NA,NA,889,0.96196736597678,0.600834350834351,0.107563303933098,NA,NA,NA,NA,0.9508,344,3
NA,NA,89,0.972398624874885,0.611814111814112,0.105430935486995,NA,NA,NA,NA,0.9508,344,3
NA,NA,890,0.961961041066819,0.600723350723351,0.107534186103883,NA,NA,NA,NA,0.9508,344,3
NA,NA,891,0.961944701474476,0.600871350871351,0.107546824804386,NA,NA,NA,NA,0.9508,344,3
NA,NA,892,0.961915184336382,0.600945350945351,0.107564353792034,NA,NA,NA,NA,0.9508,344,3
NA,NA,893,0.961933155153816,0.601148851148851,0.107600254986787,NA,NA,NA,NA,0.9508,344,3
NA,NA,894,0.96196008959716,0.601130351130351,0.107588662048341,NA,NA,NA,NA,0.9508,344,3
NA,NA,895,0.961950474770589,0.601185851185851,0.107612464465916,NA,NA,NA,NA,0.9508,344,3
NA,NA,896,0.961925235833054,0.601222851222851,0.107619446919446,NA,NA,NA,NA,0.9508,344,3
NA,NA,897,0.96195021846885,0.601352351352351,0.10761801738634,NA,NA,NA,NA,0.9508,344,3
NA,NA,898,0.961949293612179,0.601370851370851,0.107619446091465,NA,NA,NA,NA,0.9508,344,3
NA,NA,899,0.96194286841857,0.601315351315351,0.107589444778367,NA,NA,NA,NA,0.9508,344,3
NA,NA,9,1.01825861441225,0.634495134495135,0.104367154887951,NA,NA,NA,NA,0.9508,344,3
NA,NA,90,0.972276948248216,0.611259111259111,0.105036329293128,NA,NA,NA,NA,0.9508,344,3
NA,NA,900,0.961947694334601,0.601278351278351,0.107581457199085,NA,NA,NA,NA,0.9508,344,3
NA,NA,901,0.96193955588159,0.601296851296851,0.107582889478193,NA,NA,NA,NA,0.9508,344,3
NA,NA,902,0.961939657912873,0.601333851333851,0.107587900441793,NA,NA,NA,NA,0.9508,344,3
NA,NA,903,0.961955599816352,0.601000851000851,0.107506776698124,NA,NA,NA,NA,0.9508,344,3
NA,NA,904,0.961970652898153,0.601019351019351,0.107504720747943,NA,NA,NA,NA,0.9508,344,3
NA,NA,905,0.96197919061734,0.600871350871351,0.107352800162546,NA,NA,NA,NA,0.9508,344,3
NA,NA,906,0.96197384137494,0.600871350871351,0.107357991933047,NA,NA,NA,NA,0.9508,344,3
NA,NA,907,0.96197068239122,0.600889850889851,0.107359545724978,NA,NA,NA,NA,0.9508,344,3
NA,NA,908,0.961960782521271,0.600815850815851,0.107258784509572,NA,NA,NA,NA,0.9508,344,3
NA,NA,909,0.961963559988087,0.600797350797351,0.107257424210675,NA,NA,NA,NA,0.9508,344,3
NA,NA,91,0.972271836973996,0.611462611462611,0.10524488096579,NA,NA,NA,NA,0.9508,344,3
NA,NA,910,0.961952428611413,0.600741850741851,0.107243424260114,NA,NA,NA,NA,0.9508,344,3
NA,NA,911,0.961917888662555,0.600760350760351,0.107230463581453,NA,NA,NA,NA,0.9508,344,3
NA,NA,912,0.96192166348194,0.600741850741851,0.107200688182545,NA,NA,NA,NA,0.9508,344,3
NA,NA,913,0.961919574496984,0.600871350871351,0.107267288699524,NA,NA,NA,NA,0.9508,344,3
NA,NA,914,0.961902478831355,0.601000851000851,0.107375971587003,NA,NA,NA,NA,0.9508,344,3
NA,NA,915,0.961885096718058,0.600963850963851,0.107352530259448,NA,NA,NA,NA,0.9508,344,3
NA,NA,916,0.961879341598173,0.600889850889851,0.107361644553742,NA,NA,NA,NA,0.9508,344,3
NA,NA,917,0.96186842322411,0.601111851111851,0.107501804369096,NA,NA,NA,NA,0.9508,344,3
NA,NA,918,0.961872639976606,0.601185851185851,0.107544140271297,NA,NA,NA,NA,0.9508,344,3
NA,NA,919,0.961862612179161,0.601185851185851,0.107544140271297,NA,NA,NA,NA,0.9508,344,3
NA,NA,92,0.97219078561546,0.611536611536612,0.105272038505175,NA,NA,NA,NA,0.9508,344,3
NA,NA,920,0.961850720005385,0.601241351241351,0.107581992581207,NA,NA,NA,NA,0.9508,344,3
NA,NA,921,0.961849994025212,0.601241351241351,0.107581992581207,NA,NA,NA,NA,0.9508,344,3
NA,NA,922,0.961813657941105,0.599520849520849,0.10740327743779,NA,NA,NA,NA,0.9508,344,3
NA,NA,923,0.961821391412088,0.59953934953935,0.107408361264503,NA,NA,NA,NA,0.9508,344,3
NA,NA,924,0.961798869666482,0.59966884966885,0.107401827271993,NA,NA,NA,NA,0.9508,344,3
NA,NA,925,0.961793811125909,0.59966884966885,0.107401849080145,NA,NA,NA,NA,0.9508,344,3
NA,NA,926,0.961778791905534,0.599372849372849,0.107350308798336,NA,NA,NA,NA,0.9508,344,3
NA,NA,927,0.961785262280973,0.599446849446849,0.107300760005109,NA,NA,NA,NA,0.9508,344,3
NA,NA,928,0.961799695094066,0.598928848928849,0.107119730291301,NA,NA,NA,NA,0.9508,344,3
NA,NA,929,0.961799697076655,0.599021349021349,0.107181085926582,NA,NA,NA,NA,0.9508,344,3
NA,NA,93,0.972303314301786,0.614163614163614,0.106583156571217,NA,NA,NA,NA,0.9508,344,3
NA,NA,930,0.961796701590799,0.599002849002849,0.107175663971101,NA,NA,NA,NA,0.9508,344,3
NA,NA,931,0.961797694748928,0.598836348836349,0.107148696327556,NA,NA,NA,NA,0.9508,344,3
NA,NA,932,0.961787190094431,0.598651348651349,0.107083691926721,NA,NA,NA,NA,0.9508,344,3
NA,NA,933,0.961776329768579,0.598669848669849,0.107086934410241,NA,NA,NA,NA,0.9508,344,3
NA,NA,934,0.96176949972185,0.598854848854849,0.107115030020526,NA,NA,NA,NA,0.9508,344,3
NA,NA,935,0.961771011475157,0.598799348799349,0.107072789208351,NA,NA,NA,NA,0.9508,344,3
NA,NA,936,0.961761958969223,0.598780848780849,0.107064048462114,NA,NA,NA,NA,0.9508,344,3
NA,NA,937,0.961750932515239,0.598910348910349,0.107093957729483,NA,NA,NA,NA,0.9508,344,3
NA,NA,938,0.961734081523672,0.599021349021349,0.107160791745491,NA,NA,NA,NA,0.9508,344,3
NA,NA,939,0.96172225455765,0.598947348947349,0.107104967463214,NA,NA,NA,NA,0.9508,344,3
NA,NA,94,0.972204509375,0.614367114367114,0.106965537555008,NA,NA,NA,NA,0.9508,344,3
NA,NA,940,0.961725826116071,0.598947348947349,0.107093225723012,NA,NA,NA,NA,0.9508,344,3
NA,NA,941,0.961742929075577,0.598799348799349,0.107060237931486,NA,NA,NA,NA,0.9508,344,3
NA,NA,942,0.961743631068908,0.598836348836349,0.107100506168679,NA,NA,NA,NA,0.9508,344,3
NA,NA,943,0.961750104464373,0.598836348836349,0.107095279688534,NA,NA,NA,NA,0.9508,344,3
NA,NA,944,0.961754882061773,0.598540348540349,0.107064170314491,NA,NA,NA,NA,0.9508,344,3
NA,NA,945,0.961761382666835,0.598521848521849,0.107058781395539,NA,NA,NA,NA,0.9508,344,3
NA,NA,946,0.961781070741225,0.598743848743849,0.107083427195925,NA,NA,NA,NA,0.9508,344,3
NA,NA,947,0.961772537968729,0.598743848743849,0.107083427195925,NA,NA,NA,NA,0.9508,344,3
NA,NA,948,0.96176582958302,0.598466348466348,0.107059456892304,NA,NA,NA,NA,0.9508,344,3
NA,NA,949,0.961762160829293,0.598540348540349,0.107070405470832,NA,NA,NA,NA,0.9508,344,3
NA,NA,95,0.972058232832594,0.614145114145114,0.106877503406576,NA,NA,NA,NA,0.9508,344,3
NA,NA,950,0.96176471266969,0.598540348540349,0.1070744480082,NA,NA,NA,NA,0.9508,344,3
NA,NA,951,0.961739828607683,0.598540348540349,0.107082708643752,NA,NA,NA,NA,0.9508,344,3
NA,NA,952,0.961746248649651,0.598429348429348,0.107156068048636,NA,NA,NA,NA,0.9508,344,3
NA,NA,953,0.961723496052571,0.598392348392348,0.107145707140594,NA,NA,NA,NA,0.9508,344,3
NA,NA,954,0.961740731961571,0.598059348059348,0.10698641371402,NA,NA,NA,NA,0.9508,344,3
NA,NA,955,0.961738962480946,0.598114848114848,0.107000477952842,NA,NA,NA,NA,0.9508,344,3
NA,NA,956,0.961744610084,0.598096348096348,0.106981005044349,NA,NA,NA,NA,0.9508,344,3
NA,NA,957,0.961726010016141,0.598114848114848,0.10700440573359,NA,NA,NA,NA,0.9508,344,3
NA,NA,958,0.96173098709749,0.598170348170348,0.107027535731575,NA,NA,NA,NA,0.9508,344,3
NA,NA,959,0.961725792947541,0.598225848225848,0.107042097775073,NA,NA,NA,NA,0.9508,344,3
NA,NA,96,0.972048247940534,0.614589114589115,0.107018052472071,NA,NA,NA,NA,0.9508,344,3
NA,NA,960,0.961722947307447,0.598262848262848,0.107063720767431,NA,NA,NA,NA,0.9508,344,3
NA,NA,961,0.961727641704908,0.598225848225848,0.107015054880673,NA,NA,NA,NA,0.9508,344,3
NA,NA,962,0.961732618352342,0.598114848114848,0.106971212448635,NA,NA,NA,NA,0.9508,344,3
NA,NA,963,0.961748693383886,0.597985347985348,0.106896432891643,NA,NA,NA,NA,0.9508,344,3
NA,NA,964,0.961740802075989,0.598040848040848,0.106918537478319,NA,NA,NA,NA,0.9508,344,3
NA,NA,965,0.961750411673688,0.599076849076849,0.1069917390566,NA,NA,NA,NA,0.9508,344,3
NA,NA,966,0.961769007029251,0.598762348762349,0.10683880643283,NA,NA,NA,NA,0.9508,344,3
NA,NA,967,0.961749214585732,0.598965848965849,0.106951546069612,NA,NA,NA,NA,0.9508,344,3
NA,NA,968,0.961765142606127,0.599002849002849,0.106956362906694,NA,NA,NA,NA,0.9508,344,3
NA,NA,969,0.961775715714663,0.598854848854849,0.106837549721069,NA,NA,NA,NA,0.9508,344,3
NA,NA,97,0.971989050492173,0.615440115440115,0.107141177475562,NA,NA,NA,NA,0.9508,344,3
NA,NA,970,0.961794860459319,0.598928848928849,0.106999833554175,NA,NA,NA,NA,0.9508,344,3
NA,NA,971,0.961812876029129,0.598484848484849,0.106901068691428,NA,NA,NA,NA,0.9508,344,3
NA,NA,972,0.961808869518359,0.598410848410848,0.106877775322489,NA,NA,NA,NA,0.9508,344,3
NA,NA,973,0.961811206680855,0.598447848447848,0.106885430266324,NA,NA,NA,NA,0.9508,344,3
NA,NA,974,0.961812714172137,0.598447848447848,0.106887828036617,NA,NA,NA,NA,0.9508,344,3
NA,NA,975,0.96180579821015,0.598466348466348,0.106864066067179,NA,NA,NA,NA,0.9508,344,3
NA,NA,976,0.96181540813531,0.598836348836349,0.107268035358116,NA,NA,NA,NA,0.9508,344,3
NA,NA,977,0.961811488367961,0.598817848817849,0.107262123165616,NA,NA,NA,NA,0.9508,344,3
NA,NA,978,0.961819209979406,0.598725348725349,0.107213067988663,NA,NA,NA,NA,0.9508,344,3
NA,NA,979,0.961801938597539,0.598873348873349,0.107254349960797,NA,NA,NA,NA,0.9508,344,3
NA,NA,98,0.971842143914849,0.615791615791616,0.107298363659869,NA,NA,NA,NA,0.9508,344,3
NA,NA,980,0.961802042792682,0.598854848854849,0.107250991588696,NA,NA,NA,NA,0.9508,344,3
NA,NA,981,0.961822669613253,0.598965848965849,0.107309094796945,NA,NA,NA,NA,0.9508,344,3
NA,NA,982,0.96183411272708,0.598891848891849,0.107307201936376,NA,NA,NA,NA,0.9508,344,3
NA,NA,983,0.961840422863452,0.598854848854849,0.1072857829344,NA,NA,NA,NA,0.9508,344,3
NA,NA,984,0.961838891750982,0.599002849002849,0.107316551571786,NA,NA,NA,NA,0.9508,344,3
NA,NA,985,0.96185094017736,0.597559847559848,0.107190677594021,NA,NA,NA,NA,0.9508,344,3
NA,NA,986,0.961831132392779,0.597485847485848,0.107146789668845,NA,NA,NA,NA,0.9508,344,3
NA,NA,987,0.961825540184565,0.597522847522848,0.107158999431579,NA,NA,NA,NA,0.9508,344,3
NA,NA,988,0.961813282428431,0.597522847522848,0.107158999431579,NA,NA,NA,NA,0.9508,344,3
NA,NA,989,0.961810645864742,0.597411847411847,0.107134974558746,NA,NA,NA,NA,0.9508,344,3
NA,NA,99,0.971606342616868,0.615717615717616,0.10721801276001,NA,NA,NA,NA,0.9508,344,3
NA,NA,990,0.961794221000116,0.597522847522848,0.107167588724922,NA,NA,NA,NA,0.9508,344,3
NA,NA,991,0.961786347955188,0.597633847633848,0.107195661850701,NA,NA,NA,NA,0.9508,344,3
NA,NA,992,0.961778553106923,0.597689347689348,0.1071754285462,NA,NA,NA,NA,0.9508,344,3
NA,NA,993,0.961780846837182,0.597744847744848,0.107226461109953,NA,NA,NA,NA,0.9508,344,3
NA,NA,994,0.961775463535102,0.597744847744848,0.107226461109953,NA,NA,NA,NA,0.9508,344,3
NA,NA,995,0.961772444162127,0.597874347874348,0.107252487164456,NA,NA,NA,NA,0.9508,344,3
NA,NA,996,0.961743737830244,0.598077848077848,0.107304010305604,NA,NA,NA,NA,0.9508,344,3
NA,NA,997,0.96176522514251,0.598281348281348,0.107408274050876,NA,NA,NA,NA,0.9508,344,3
NA,NA,998,0.961761452600704,0.598207348207348,0.107376654651833,NA,NA,NA,NA,0.9508,344,3
NA,NA,999,0.961751318933719,0.598244348244348,0.107239534734941,NA,NA,NA,NA,0.9508,344,3
